768.8 -35938.1 0.625 -35938.1
769.184 -35602.3 0.628125 -35602.3
769.569 -35270.3 0.63125 -35270.3
769.953 -34942.1 0.634375 -34942.1
770.338 -34617.4 0.6375 -34617.4
770.722 -34296.4 0.640625 -34296.4
771.106 -33979 0.64375 -33979
771.491 -33665 0.646875 -33665
771.875 -33354.5 0.65 -33354.5
772.26 -33047.4 0.653125 -33047.4
772.644 -32743.6 0.65625 -32743.6
773.028 -32443.1 0.659375 -32443.1
773.413 -32145.9 0.6625 -32145.9
773.797 -31851.8 0.665625 -31851.8
774.182 -31560.9 0.66875 -31560.9
774.566 -31273.1 0.671875 -31273.1
774.95 -30988.4 0.675 -30988.4
775.335 -30706.7 0.678125 -30706.7
775.719 -30428 0.68125 -30428
776.104 -30152.1 0.684375 -30152.1
776.488 -29879.2 0.6875 -29879.2
776.872 -29609.1 0.690625 -29609.1
777.257 -29341.9 0.69375 -29341.9
777.641 -29077.4 0.696875 -29077.4
778.026 -28815.6 0.7 -28815.6
778.41 -28556.5 0.703125 -28556.5
778.794 -28300.1 0.70625 -28300.1
779.179 -28046.3 0.709375 -28046.3
779.563 -27795.1 0.7125 -27795.1
779.948 -27546.4 0.715625 -27546.4
780.332 -27300.3 0.71875 -27300.3
780.716 -27056.6 0.721875 -27056.6
781.101 -26815.3 0.725 -26815.3
781.485 -26576.5 0.728125 -26576.5
781.87 -26340.1 0.73125 -26340.1
782.254 -26106 0.734375 -26106
782.638 -25874.2 0.7375 -25874.2
783.023 -25644.7 0.740625 -25644.7
783.407 -25417.5 0.74375 -25417.5
783.792 -25192.5 0.746875 -25192.5
784.176 -24969.7 0.75 -24969.7
784.56 -24749 0.753125 -24749
784.945 -24530.5 0.75625 -24530.5
785.329 -24314.2 0.759375 -24314.2
785.714 -24099.9 0.7625 -24099.9
786.098 -23887.6 0.765625 -23887.6
786.482 -23677.4 0.76875 -23677.4
786.867 -23469.2 0.771875 -23469.2
787.251 -23263 0.775 -23263
787.636 -23058.8 0.778125 -23058.8
788.02 -22856.5 0.78125 -22856.5
788.404 -22656.1 0.784375 -22656.1
788.789 -22457.5 0.7875 -22457.5
789.173 -22260.9 0.790625 -22260.9
789.558 -22066.1 0.79375 -22066.1
789.942 -21873.1 0.796875 -21873.1
790.326 -21681.9 0.8 -21681.9
790.711 -21492.4 0.803125 -21492.4
791.095 -21304.8 0.80625 -21304.8
791.48 -21118.8 0.809375 -21118.8
791.864 -20934.6 0.8125 -20934.6
792.248 -20752 0.815625 -20752
792.633 -20571.2 0.81875 -20571.2
793.017 -20391.9 0.821875 -20391.9
793.402 -20214.3 0.825 -20214.3
793.786 -20038.3 0.828125 -20038.3
794.17 -19864 0.83125 -19864
794.555 -19691.1 0.834375 -19691.1
794.939 -19519.9 0.8375 -19519.9
795.324 -19350.1 0.840625 -19350.1
795.708 -19181.9 0.84375 -19181.9
796.092 -19015.2 0.846875 -19015.2
796.477 -18850 0.85 -18850
796.861 -18686.2 0.853125 -18686.2
797.246 -18523.9 0.85625 -18523.9
797.63 -18363 0.859375 -18363
798.014 -18203.6 0.8625 -18203.6
798.399 -18045.5 0.865625 -18045.5
798.783 -17888.8 0.86875 -17888.8
799.168 -17733.5 0.871875 -17733.5
799.552 -17579.6 0.875 -17579.6
799.936 -17427 0.878125 -17427
800.321 -17275.7 0.88125 -17275.7
800.705 -17125.8 0.884375 -17125.8
801.09 -16977.1 0.8875 -16977.1
801.474 -16829.7 0.890625 -16829.7
801.858 -16683.6 0.89375 -16683.6
802.243 -16538.7 0.896875 -16538.7
802.627 -16395.1 0.9 -16395.1
803.012 -16252.7 0.903125 -16252.7
803.396 -16111.5 0.90625 -16111.5
803.78 -15971.5 0.909375 -15971.5
804.165 -15832.7 0.9125 -15832.7
804.549 -15695.1 0.915625 -15695.1
804.934 -15558.6 0.91875 -15558.6
805.318 -15423.3 0.921875 -15423.3
805.702 -15289.1 0.925 -15289.1
806.087 -15156.1 0.928125 -15156.1
806.471 -15024.2 0.93125 -15024.2
806.856 -14893.3 0.934375 -14893.3
807.24 -14763.6 0.9375 -14763.6
807.624 -14635 0.940625 -14635
808.009 -14507.4 0.94375 -14507.4
808.393 -14380.9 0.946875 -14380.9
808.778 -14255.4 0.95 -14255.4
809.162 -14130.9 0.953125 -14130.9
809.546 -14007.5 0.95625 -14007.5
809.931 -13885.1 0.959375 -13885.1
810.315 -13763.7 0.9625 -13763.7
810.7 -13643.3 0.965625 -13643.3
811.084 -13523.9 0.96875 -13523.9
811.468 -13405.5 0.971875 -13405.5
811.853 -13288 0.975 -13288
812.237 -13171.5 0.978125 -13171.5
812.622 -13055.9 0.98125 -13055.9
813.006 -12941.3 0.984375 -12941.3
813.39 -12827.6 0.9875 -12827.6
813.775 -12714.8 0.990625 -12714.8
814.159 -12602.9 0.99375 -12602.9
814.544 -12491.9 0.996875 -12491.9
814.928 -12381.9 1 -12381.9
815.312 -12272.7 1.00313 -12272.7
815.697 -12164.3 1.00625 -12164.3
816.081 -12056.9 1.00937 -12056.9
816.466 -11950.3 1.0125 -11950.3
816.85 -11844.5 1.01562 -11844.5
817.234 -11739.6 1.01875 -11739.6
817.619 -11635.5 1.02188 -11635.5
818.003 -11532.3 1.025 -11532.3
818.388 -11429.9 1.02812 -11429.9
818.772 -11328.3 1.03125 -11328.3
819.156 -11227.4 1.03438 -11227.4
819.541 -11127.4 1.0375 -11127.4
819.925 -11028.2 1.04062 -11028.2
820.31 -10929.7 1.04375 -10929.7
820.694 -10832.1 1.04688 -10832.1
821.078 -10735.2 1.05 -10735.2
821.463 -10639 1.05313 -10639
821.847 -10543.6 1.05625 -10543.6
822.232 -10449 1.05937 -10449
822.616 -10355 1.0625 -10355
823 -10261.9 1.06563 -10261.9
823.385 -10169.4 1.06875 -10169.4
823.769 -10077.7 1.07187 -10077.7
824.154 -9986.64 1.075 -9986.64
824.538 -9896.32 1.07812 -9896.32
824.922 -9806.71 1.08125 -9806.71
825.307 -9717.78 1.08437 -9717.78
825.691 -9629.54 1.0875 -9629.54
826.076 -9541.99 1.09063 -9541.99
826.46 -9455.11 1.09375 -9455.11
826.844 -9368.9 1.09687 -9368.9
827.229 -9283.35 1.1 -9283.35
827.613 -9198.46 1.10313 -9198.46
827.998 -9114.22 1.10625 -9114.22
828.382 -9030.63 1.10938 -9030.63
828.766 -8947.68 1.1125 -8947.68
829.151 -8865.37 1.11563 -8865.37
829.535 -8783.68 1.11875 -8783.68
829.92 -8702.62 1.12187 -8702.62
830.304 -8622.18 1.125 -8622.18
830.688 -8542.36 1.12813 -8542.36
831.073 -8463.14 1.13125 -8463.14
831.457 -8384.52 1.13437 -8384.52
831.842 -8306.5 1.1375 -8306.5
832.226 -8229.08 1.14062 -8229.08
832.61 -8152.25 1.14375 -8152.25
832.995 -8076 1.14688 -8076
833.379 -8000.32 1.15 -8000.32
833.764 -7925.22 1.15312 -7925.22
834.148 -7850.69 1.15625 -7850.69
834.532 -7776.73 1.15938 -7776.73
834.917 -7703.32 1.1625 -7703.32
835.301 -7630.47 1.16562 -7630.47
835.686 -7558.17 1.16875 -7558.17
836.07 -7486.42 1.17188 -7486.42
836.454 -7415.21 1.175 -7415.21
836.839 -7344.54 1.17813 -7344.54
837.223 -7274.4 1.18125 -7274.4
837.608 -7204.78 1.18437 -7204.78
837.992 -7135.7 1.1875 -7135.7
838.376 -7067.13 1.19063 -7067.13
838.761 -6999.08 1.19375 -6999.08
839.145 -6931.54 1.19687 -6931.54
839.53 -6864.51 1.2 -6864.51
839.914 -6797.98 1.20312 -6797.98
840.298 -6731.96 1.20625 -6731.96
840.683 -6666.43 1.20938 -6666.43
841.067 -6601.39 1.2125 -6601.39
841.452 -6536.84 1.21562 -6536.84
841.836 -6472.78 1.21875 -6472.78
842.22 -6409.2 1.22188 -6409.2
842.605 -6346.09 1.225 -6346.09
842.989 -6283.46 1.22812 -6283.46
843.374 -6221.3 1.23125 -6221.3
843.758 -6159.6 1.23438 -6159.6
844.142 -6098.37 1.2375 -6098.37
844.527 -6037.6 1.24062 -6037.6
844.911 -5977.28 1.24375 -5977.28
845.296 -5917.42 1.24688 -5917.42
845.68 -5858 1.25 -5858
846.064 -5799.04 1.25312 -5799.04
846.449 -5740.51 1.25625 -5740.51
846.833 -5682.42 1.25937 -5682.42
847.218 -5624.77 1.2625 -5624.77
847.602 -5567.55 1.26562 -5567.55
847.986 -5510.76 1.26875 -5510.76
848.371 -5454.4 1.27188 -5454.4
848.755 -5398.46 1.275 -5398.46
849.14 -5342.94 1.27812 -5342.94
849.524 -5287.84 1.28125 -5287.84
849.908 -5233.15 1.28437 -5233.15
850.293 -5178.88 1.2875 -5178.88
850.677 -5125.01 1.29062 -5125.01
851.062 -5071.55 1.29375 -5071.55
851.446 -5018.49 1.29688 -5018.49
851.83 -4965.83 1.3 -4965.83
852.215 -4913.56 1.30313 -4913.56
852.599 -4861.7 1.30625 -4861.7
852.984 -4810.22 1.30937 -4810.22
853.368 -4759.13 1.3125 -4759.13
853.752 -4708.42 1.31563 -4708.42
854.137 -4658.1 1.31875 -4658.1
854.521 -4608.16 1.32188 -4608.16
854.906 -4558.6 1.325 -4558.6
855.29 -4509.41 1.32812 -4509.41
855.674 -4460.6 1.33125 -4460.6
856.059 -4412.16 1.33437 -4412.16
856.443 -4364.08 1.3375 -4364.08
856.828 -4316.37 1.34062 -4316.37
857.212 -4269.02 1.34375 -4269.02
857.596 -4222.03 1.34688 -4222.03
857.981 -4175.4 1.35 -4175.4
858.365 -4129.13 1.35312 -4129.13
858.75 -4083.2 1.35625 -4083.2
859.134 -4037.63 1.35938 -4037.63
859.518 -3992.41 1.3625 -3992.41
859.903 -3947.53 1.36563 -3947.53
860.287 -3903 1.36875 -3903
860.672 -3858.81 1.37188 -3858.81
861.056 -3814.96 1.375 -3814.96
861.44 -3771.44 1.37813 -3771.44
861.825 -3728.27 1.38125 -3728.27
862.209 -3685.42 1.38437 -3685.42
862.594 -3642.9 1.3875 -3642.9
862.978 -3600.72 1.39062 -3600.72
863.362 -3558.86 1.39375 -3558.86
863.747 -3517.32 1.39688 -3517.32
864.131 -3476.11 1.4 -3476.11
864.516 -3435.22 1.40313 -3435.22
864.9 -3394.64 1.40625 -3394.64
865.284 -3354.38 1.40937 -3354.38
865.669 -3314.44 1.4125 -3314.44
866.053 -3274.81 1.41562 -3274.81
866.438 -3235.49 1.41875 -3235.49
866.822 -3196.48 1.42188 -3196.48
867.206 -3157.78 1.425 -3157.78
867.591 -3119.38 1.42813 -3119.38
867.975 -3081.28 1.43125 -3081.28
868.36 -3043.49 1.43437 -3043.49
868.744 -3005.99 1.4375 -3005.99
869.128 -2968.79 1.44062 -2968.79
869.513 -2931.89 1.44375 -2931.89
869.897 -2895.29 1.44687 -2895.29
870.282 -2858.97 1.45 -2858.97
870.666 -2822.95 1.45312 -2822.95
871.05 -2787.22 1.45625 -2787.22
871.435 -2751.77 1.45938 -2751.77
871.819 -2716.61 1.4625 -2716.61
872.204 -2681.73 1.46562 -2681.73
872.588 -2647.14 1.46875 -2647.14
872.972 -2612.82 1.47188 -2612.82
873.357 -2578.79 1.475 -2578.79
873.741 -2545.03 1.47813 -2545.03
874.126 -2511.55 1.48125 -2511.55
874.51 -2478.35 1.48438 -2478.35
874.894 -2445.42 1.4875 -2445.42
875.279 -2412.76 1.49062 -2412.76
875.663 -2380.37 1.49375 -2380.37
876.048 -2348.25 1.49687 -2348.25
876.432 -2316.39 1.5 -2316.39
876.816 -2284.8 1.50313 -2284.8
877.201 -2253.48 1.50625 -2253.48
877.585 -2222.42 1.50937 -2222.42
877.97 -2191.62 1.5125 -2191.62
878.354 -2161.08 1.51562 -2161.08
878.738 -2130.8 1.51875 -2130.8
879.123 -2100.77 1.52188 -2100.77
879.507 -2071.01 1.525 -2071.01
879.892 -2041.49 1.52813 -2041.49
880.276 -2012.23 1.53125 -2012.23
880.66 -1983.23 1.53438 -1983.23
881.045 -1954.47 1.5375 -1954.47
881.429 -1925.96 1.54062 -1925.96
881.814 -1897.7 1.54375 -1897.7
882.198 -1869.69 1.54688 -1869.69
882.582 -1841.93 1.55 -1841.93
882.967 -1814.41 1.55313 -1814.41
883.351 -1787.13 1.55625 -1787.13
883.736 -1760.09 1.55938 -1760.09
884.12 -1733.3 1.5625 -1733.3
884.504 -1706.74 1.56562 -1706.74
884.889 -1680.43 1.56875 -1680.43
885.273 -1654.35 1.57187 -1654.35
885.658 -1628.51 1.575 -1628.51
886.042 -1602.9 1.57812 -1602.9
886.426 -1577.53 1.58125 -1577.53
886.811 -1552.39 1.58438 -1552.39
887.195 -1527.48 1.5875 -1527.48
887.58 -1502.81 1.59062 -1502.81
887.964 -1478.36 1.59375 -1478.36
888.348 -1454.14 1.59687 -1454.14
888.733 -1430.15 1.6 -1430.15
889.117 -1406.39 1.60312 -1406.39
889.502 -1382.85 1.60625 -1382.85
889.886 -1359.54 1.60938 -1359.54
890.27 -1336.45 1.6125 -1336.45
890.655 -1313.59 1.61563 -1313.59
891.039 -1290.95 1.61875 -1290.95
891.424 -1268.52 1.62187 -1268.52
891.808 -1246.32 1.625 -1246.32
892.192 -1224.34 1.62813 -1224.34
892.577 -1202.57 1.63125 -1202.57
892.961 -1181.03 1.63438 -1181.03
893.346 -1159.7 1.6375 -1159.7
893.73 -1138.58 1.64062 -1138.58
894.114 -1117.68 1.64375 -1117.68
894.499 -1096.99 1.64687 -1096.99
894.883 -1076.52 1.65 -1076.52
895.268 -1056.26 1.65312 -1056.26
895.652 -1036.21 1.65625 -1036.21
896.036 -1016.37 1.65938 -1016.37
896.421 -996.74 1.6625 -996.74
896.805 -977.319 1.66562 -977.319
897.19 -958.107 1.66875 -958.107
897.574 -939.102 1.67188 -939.102
897.958 -920.304 1.675 -920.304
898.343 -901.711 1.67813 -901.711
898.727 -883.324 1.68125 -883.324
899.112 -865.141 1.68438 -865.141
899.496 -847.162 1.6875 -847.162
899.88 -829.386 1.69063 -829.386
900.265 -811.813 1.69375 -811.813
900.649 -794.441 1.69687 -794.441
901.034 -777.27 1.7 -777.27
901.418 -760.3 1.70312 -760.3
901.802 -743.529 1.70625 -743.529
902.187 -726.957 1.70938 -726.957
902.571 -710.583 1.7125 -710.583
902.956 -694.408 1.71563 -694.408
903.34 -678.429 1.71875 -678.429
903.724 -662.647 1.72187 -662.647
904.109 -647.062 1.725 -647.062
904.493 -631.671 1.72812 -631.671
904.878 -616.475 1.73125 -616.475
905.262 -601.474 1.73438 -601.474
905.646 -586.666 1.7375 -586.666
906.031 -572.052 1.74063 -572.052
906.415 -557.63 1.74375 -557.63
906.8 -543.4 1.74687 -543.4
907.184 -529.362 1.75 -529.362
907.568 -515.515 1.75312 -515.515
907.953 -501.859 1.75625 -501.859
908.337 -488.393 1.75937 -488.393
908.722 -475.116 1.7625 -475.116
909.106 -462.029 1.76562 -462.029
909.49 -449.13 1.76875 -449.13
909.875 -436.42 1.77188 -436.42
910.259 -423.898 1.775 -423.898
910.644 -411.563 1.77812 -411.563
911.028 -399.415 1.78125 -399.415
911.412 -387.454 1.78438 -387.454
911.797 -375.68 1.7875 -375.68
912.181 -364.091 1.79063 -364.091
912.566 -352.687 1.79375 -352.687
912.95 -341.469 1.79688 -341.469
913.334 -330.436 1.8 -330.436
913.719 -319.587 1.80312 -319.587
914.103 -308.922 1.80625 -308.922
914.488 -298.442 1.80937 -298.442
914.872 -288.144 1.8125 -288.144
915.256 -278.03 1.81563 -278.03
915.641 -268.099 1.81875 -268.099
916.025 -258.351 1.82187 -258.351
916.41 -248.785 1.825 -248.785
916.794 -239.401 1.82812 -239.401
917.178 -230.199 1.83125 -230.199
917.563 -221.179 1.83438 -221.179
917.947 -212.34 1.8375 -212.34
918.332 -203.683 1.84063 -203.683
918.716 -195.206 1.84375 -195.206
919.1 -186.911 1.84688 -186.911
919.485 -178.796 1.85 -178.796
919.869 -170.861 1.85312 -170.861
920.254 -163.107 1.85625 -163.107
920.638 -155.534 1.85938 -155.534
921.022 -148.14 1.8625 -148.14
921.407 -140.926 1.86563 -140.926
921.791 -133.892 1.86875 -133.892
922.176 -127.038 1.87188 -127.038
922.56 -120.363 1.875 -120.363
922.944 -113.868 1.87812 -113.868
923.329 -107.553 1.88125 -107.553
923.713 -101.417 1.88438 -101.417
924.098 -95.4604 1.8875 -95.4604
924.482 -89.6833 1.89062 -89.6833
924.866 -84.0855 1.89375 -84.0855
925.251 -78.667 1.89688 -78.667
925.635 -73.4279 1.9 -73.4279
926.02 -68.3683 1.90312 -68.3683
926.404 -63.488 1.90625 -63.488
926.788 -58.7872 1.90938 -58.7872
927.173 -54.266 1.9125 -54.266
927.557 -49.9244 1.91562 -49.9244
927.942 -45.7624 1.91875 -45.7624
928.326 -41.7803 1.92188 -41.7803
928.71 -37.978 1.925 -37.978
929.095 -34.3558 1.92813 -34.3558
929.479 -30.9137 1.93125 -30.9137
929.864 -27.652 1.93438 -27.652
930.248 -24.5707 1.9375 -24.5707
930.632 -21.6701 1.94063 -21.6701
931.017 -18.9504 1.94375 -18.9504
931.401 -16.4117 1.94688 -16.4117
931.786 -14.0544 1.95 -14.0544
932.17 -11.8786 1.95312 -11.8786
932.554 -9.88457 1.95625 -9.88457
932.939 -8.07264 1.95937 -8.07264
933.323 -6.44307 1.9625 -6.44307
933.708 -4.99617 1.96562 -4.99617
934.092 -3.73225 1.96875 -3.73225
934.476 -2.65166 1.97187 -2.65166
934.861 -1.75475 1.975 -1.75475
935.245 -1.04188 1.97812 -1.04188
935.63 -0.513457 1.98125 -0.513457
936.014 -0.169874 1.98438 -0.169874
936.398 -0.0115599 1.9875 -0.0115599
936.783 -0.0389558 1.99063 -0.0389558
937.167 -0.252523 1.99375 -0.252523
937.552 -0.652741 1.99687 -0.652741
937.936 -1.24011 2 -1.24011
938.32 -2.01515 2.00312 -2.01515
938.705 -2.97839 2.00625 -2.97839
939.089 -4.1304 2.00937 -4.1304
939.474 -5.47175 2.0125 -5.47175
939.858 -7.00305 2.01562 -7.00305
940.242 -8.72491 2.01875 -8.72491
940.627 -10.638 2.02188 -10.638
941.011 -12.7429 2.025 -12.7429
941.396 -15.0405 2.02813 -15.0405
941.78 -17.5312 2.03125 -17.5312
942.164 -20.216 2.03437 -20.216
942.549 -23.0956 2.0375 -23.0956
942.933 -26.1708 2.04062 -26.1708
943.318 -29.4423 2.04375 -29.4423
943.702 -32.911 2.04688 -32.911
944.086 -36.5777 2.05 -36.5777
944.471 -40.4434 2.05313 -40.4434
944.855 -44.509 2.05625 -44.509
945.24 -48.7754 2.05938 -48.7754
945.624 -53.2436 2.0625 -53.2436
946.008 -57.9145 2.06563 -57.9145
946.393 -62.7893 2.06875 -62.7893
946.777 -67.869 2.07187 -67.869
947.162 -73.1546 2.075 -73.1546
947.546 -78.6473 2.07812 -78.6473
947.93 -84.3483 2.08125 -84.3483
948.315 -90.2588 2.08438 -90.2588
948.699 -96.38 2.0875 -96.38
949.084 -102.713 2.09063 -102.713
949.468 -109.259 2.09375 -109.259
949.852 -116.02 2.09687 -116.02
950.237 -122.997 2.1 -122.997
950.621 -130.192 2.10313 -130.192
951.006 -137.605 2.10625 -137.605
951.39 -145.238 2.10938 -145.238
951.774 -153.094 2.1125 -153.094
952.159 -161.173 2.11562 -161.173
952.543 -169.477 2.11875 -169.477
952.928 -178.007 2.12188 -178.007
953.312 -186.767 2.125 -186.767
953.696 -195.756 2.12812 -195.756
954.081 -204.978 2.13125 -204.978
954.465 -214.434 2.13437 -214.434
954.85 -224.125 2.1375 -224.125
955.234 -234.055 2.14062 -234.055
955.618 -244.224 2.14375 -244.224
956.003 -254.636 2.14688 -254.636
956.387 -265.292 2.15 -265.292
956.772 -276.194 2.15312 -276.194
957.156 -287.346 2.15625 -287.346
957.54 -298.748 2.15937 -298.748
957.925 -310.404 2.1625 -310.404
958.309 -322.316 2.16562 -322.316
958.694 -334.486 2.16875 -334.486
959.078 -346.918 2.17188 -346.918
959.462 -359.614 2.175 -359.614
959.847 -372.577 2.17813 -372.577
960.231 -385.81 2.18125 -385.81
960.616 -399.316 2.18438 -399.316
961 -413.097 2.1875 -413.097
961.384 -427.157 2.19062 -427.157
961.769 -441.5 2.19375 -441.5
962.153 -456.128 2.19687 -456.128
962.538 -471.046 2.2 -471.046
962.922 -486.256 2.20312 -486.256
963.306 -501.763 2.20625 -501.763
963.691 -517.57 2.20938 -517.57
964.075 -533.682 2.2125 -533.682
964.46 -550.101 2.21563 -550.101
964.844 -566.834 2.21875 -566.834
965.228 -583.883 2.22188 -583.883
965.613 -601.253 2.225 -601.253
965.997 -618.95 2.22812 -618.95
966.382 -636.978 2.23125 -636.978
966.766 -655.341 2.23438 -655.341
967.15 -674.046 2.2375 -674.046
967.535 -693.097 2.24063 -693.097
967.919 -712.499 2.24375 -712.499
968.304 -732.26 2.24688 -732.26
968.688 -752.383 2.25 -752.383
969.072 -772.877 2.25312 -772.877
969.457 -793.746 2.25625 -793.746
969.841 -814.998 2.25938 -814.998
970.226 -836.639 2.2625 -836.639
970.61 -858.677 2.26562 -858.677
970.994 -881.119 2.26875 -881.119
971.379 -903.973 2.27187 -903.973
971.763 -927.246 2.275 -927.246
972.148 -950.947 2.27813 -950.947
972.532 -975.085 2.28125 -975.085
972.916 -999.668 2.28437 -999.668
973.301 -1024.71 2.2875 -1024.71
973.685 -1050.21 2.29062 -1050.21
974.07 -1076.19 2.29375 -1076.19
974.454 -1102.65 2.29688 -1102.65
974.838 -1129.61 2.3 -1129.61
975.223 -1157.08 2.30313 -1157.08
975.607 -1185.07 2.30625 -1185.07
975.992 -1213.59 2.30937 -1213.59
976.376 -1242.66 2.3125 -1242.66
976.76 -1272.29 2.31562 -1272.29
977.145 -1302.5 2.31875 -1302.5
977.529 -1333.29 2.32187 -1333.29
977.914 -1364.69 2.325 -1364.69
978.298 -1396.72 2.32812 -1396.72
978.682 -1429.39 2.33125 -1429.39
979.067 -1462.72 2.33438 -1462.72
979.451 -1496.73 2.3375 -1496.73
979.836 -1531.44 2.34063 -1531.44
980.22 -1566.87 2.34375 -1566.87
980.604 -1603.06 2.34687 -1603.06
980.989 -1640.01 2.35 -1640.01
981.373 -1677.77 2.35312 -1677.77
981.758 -1716.35 2.35625 -1716.35
982.142 -1755.79 2.35938 -1755.79
982.526 -1796.12 2.3625 -1796.12
982.911 -1837.38 2.36563 -1837.38
983.295 -1879.59 2.36875 -1879.59
983.68 -1922.81 2.37188 -1922.81
984.064 -1967.07 2.375 -1967.07
984.448 -2012.41 2.37813 -2012.41
984.833 -2058.89 2.38125 -2058.89
985.217 -2106.56 2.38437 -2106.56
985.602 -2155.48 2.3875 -2155.48
985.986 -2205.7 2.39062 -2205.7
986.37 -2257.31 2.39375 -2257.31
986.755 -2310.36 2.39688 -2310.36
987.139 -2364.94 2.4 -2364.94
987.524 -2421.14 2.40313 -2421.14
987.908 -2479.06 2.40625 -2479.06
988.292 -2538.81 2.40937 -2538.81
988.677 -2600.51 2.4125 -2600.51
989.061 -2664.29 2.41563 -2664.29
989.446 -2730.31 2.41875 -2730.31
989.83 -2798.74 2.42188 -2798.74
990.214 -2869.77 2.425 -2869.77
990.599 -2943.63 2.42812 -2943.63
990.983 -3020.57 2.43125 -3020.57
991.368 -3100.89 2.43438 -3100.89
991.752 -3184.96 2.4375 -3184.96
992.136 -3273.18 2.44062 -3273.18
992.521 -3366.06 2.44375 -3366.06
992.905 -3464.22 2.44687 -3464.22
993.29 -3568.41 2.45 -3568.41
993.674 -3679.61 2.45312 -3679.61
994.058 -3799.08 2.45625 -3799.08
994.443 -3928.5 2.45938 -3928.5
994.827 -4070.23 2.4625 -4070.23
995.212 -4227.73 2.46562 -4227.73
995.596 -4406.46 2.46875 -4406.46
995.98 -4616.04 2.47187 -4616.04
996.365 -4876.66 2.475 -4876.66
996.749 -5250.66 2.47812 -5250.66
997.134 -nan 2.48125 -nan
997.518 -nan 2.48438 -nan
997.902 -nan 2.4875 -nan
998.287 -nan 2.49063 -nan
998.671 -nan 2.49375 -nan
999.056 -nan 2.49688 -nan
999.44 -nan 2.5 -nan
999.824 -nan 2.50312 -nan
1000.21 -nan 2.50625 -nan
1000.59 -nan 2.50938 -nan
1000.98 -nan 2.5125 -nan
1001.36 -nan 2.51562 -nan
1001.75 -nan 2.51875 -nan
1002.13 -nan 2.52188 -nan
1002.52 -nan 2.525 -nan
1002.9 -nan 2.52813 -nan
1003.28 -nan 2.53125 -nan
1003.67 -nan 2.53437 -nan
1004.05 -nan 2.5375 -nan
1004.44 -nan 2.54062 -nan
1004.82 -nan 2.54375 -nan
1005.21 -nan 2.54688 -nan
1005.59 -nan 2.55 -nan
1005.97 -nan 2.55313 -nan
1006.36 -nan 2.55625 -nan
1006.74 -nan 2.55938 -nan
1007.13 -nan 2.5625 -nan
1007.51 -nan 2.56563 -nan
1007.9 -nan 2.56875 -nan
1008.28 -nan 2.57188 -nan
1008.67 -nan 2.575 -nan
1009.05 -nan 2.57812 -nan
1009.43 -nan 2.58125 -nan
1009.82 -nan 2.58437 -nan
1010.2 -nan 2.5875 -nan
1010.59 -nan 2.59062 -nan
1010.97 -nan 2.59375 -nan
1011.36 -nan 2.59687 -nan
1011.74 -nan 2.6 -nan
1012.13 -nan 2.60312 -nan
1012.51 -nan 2.60625 -nan
1012.89 -nan 2.60938 -nan
1013.28 -nan 2.6125 -nan
1013.66 -nan 2.61563 -nan
1014.05 -nan 2.61875 -nan
1014.43 -nan 2.62188 -nan
1014.82 -nan 2.625 -nan
1015.2 -nan 2.62812 -nan
1015.58 -nan 2.63125 -nan
1015.97 -nan 2.63437 -nan
1016.35 -nan 2.6375 -nan
1016.74 -nan 2.64062 -nan
1017.12 -nan 2.64375 -nan
1017.51 -nan 2.64687 -nan
1017.89 -nan 2.65 -nan
1018.28 -nan 2.65313 -nan
1018.66 -nan 2.65625 -nan
1019.04 -nan 2.65937 -nan
1019.43 -nan 2.6625 -nan
1019.81 -nan 2.66563 -nan
1020.2 -nan 2.66875 -nan
1020.58 -nan 2.67188 -nan
1020.97 -nan 2.675 -nan
1021.35 -nan 2.67813 -nan
1021.74 -nan 2.68125 -nan
1022.12 -nan 2.68438 -nan
1022.5 -nan 2.6875 -nan
1022.89 -nan 2.69062 -nan
1023.27 -nan 2.69375 -nan
1023.66 -nan 2.69687 -nan
1024.04 -nan 2.7 -nan
1024.43 -nan 2.70312 -nan
1024.81 -nan 2.70625 -nan
1025.19 -nan 2.70938 -nan
1025.58 -nan 2.7125 -nan
1025.96 -nan 2.71563 -nan
1026.35 -nan 2.71875 -nan
1026.73 -nan 2.72188 -nan
1027.12 -nan 2.725 -nan
1027.5 -nan 2.72813 -nan
1027.89 -nan 2.73125 -nan
1028.27 -nan 2.73438 -nan
1028.65 -nan 2.7375 -nan
1029.04 -nan 2.74062 -nan
1029.42 -nan 2.74375 -nan
1029.81 -nan 2.74687 -nan
1030.19 -nan 2.75 -nan
1030.58 -nan 2.75312 -nan
1030.96 -nan 2.75625 -nan
1031.35 -nan 2.75937 -nan
1031.73 -nan 2.7625 -nan
1032.11 -nan 2.76562 -nan
1032.5 -nan 2.76875 -nan
1032.88 -nan 2.77188 -nan
1033.27 -nan 2.775 -nan
1033.65 -nan 2.77813 -nan
1034.04 -nan 2.78125 -nan
1034.42 -nan 2.78437 -nan
1034.8 -nan 2.7875 -nan
1035.19 -nan 2.79062 -nan
1035.57 -nan 2.79375 -nan
1035.96 -nan 2.79688 -nan
1036.34 -nan 2.8 -nan
1036.73 -nan 2.80312 -nan
1037.11 -nan 2.80625 -nan
1037.5 -nan 2.80938 -nan
1037.88 -nan 2.8125 -nan
1038.26 -nan 2.81562 -nan
1038.65 -nan 2.81875 -nan
1039.03 -nan 2.82188 -nan
1039.42 -nan 2.825 -nan
1039.8 -nan 2.82812 -nan
1040.19 -nan 2.83125 -nan
1040.57 -nan 2.83438 -nan
1040.96 -nan 2.8375 -nan
1041.34 -nan 2.84063 -nan
1041.72 -nan 2.84375 -nan
1042.11 -nan 2.84687 -nan
1042.49 -nan 2.85 -nan
1042.88 -nan 2.85312 -nan
1043.26 -nan 2.85625 -nan
1043.65 -nan 2.85938 -nan
1044.03 -nan 2.8625 -nan
1044.41 -nan 2.86563 -nan
1044.8 -nan 2.86875 -nan
1045.18 -nan 2.87188 -nan
1045.57 -nan 2.875 -nan
1045.95 -nan 2.87813 -nan
1046.34 -nan 2.88125 -nan
1046.72 -nan 2.88438 -nan
1047.11 -nan 2.8875 -nan
1047.49 -nan 2.89062 -nan
1047.87 -nan 2.89375 -nan
1048.26 -nan 2.89687 -nan
1048.64 -nan 2.9 -nan
1049.03 -nan 2.90312 -nan
1049.41 -nan 2.90625 -nan
1049.8 -nan 2.90937 -nan
1050.18 -nan 2.9125 -nan
1050.57 -nan 2.91562 -nan
1050.95 -nan 2.91875 -nan
1051.33 -nan 2.92188 -nan
1051.72 -nan 2.925 -nan
1052.1 -nan 2.92813 -nan
1052.49 -nan 2.93125 -nan
1052.87 -nan 2.93438 -nan
1053.26 -nan 2.9375 -nan
1053.64 -nan 2.94062 -nan
1054.02 -nan 2.94375 -nan
1054.41 -nan 2.94687 -nan
1054.79 -nan 2.95 -nan
1055.18 -nan 2.95312 -nan
1055.56 -nan 2.95625 -nan
1055.95 -nan 2.95937 -nan
1056.33 -nan 2.9625 -nan
1056.72 -nan 2.96563 -nan
1057.1 -nan 2.96875 -nan
1057.48 -nan 2.97187 -nan
1057.87 -nan 2.975 -nan
1058.25 -nan 2.97813 -nan
1058.64 -nan 2.98125 -nan
1059.02 -nan 2.98438 -nan
1059.41 -nan 2.9875 -nan
1059.79 -nan 2.99063 -nan
1060.18 -nan 2.99375 -nan
1060.56 -nan 2.99688 -nan
1060.94 -nan 3 -nan
1061.33 -nan 3.00312 -nan
1061.71 -nan 3.00625 -nan
1062.1 -nan 3.00937 -nan
1062.48 -nan 3.0125 -nan
1062.87 -nan 3.01562 -nan
1063.25 -nan 3.01875 -nan
1063.63 -nan 3.02188 -nan
1064.02 -nan 3.025 -nan
1064.4 -nan 3.02813 -nan
1064.79 -nan 3.03125 -nan
1065.17 -nan 3.03438 -nan
1065.56 -nan 3.0375 -nan
1065.94 -nan 3.04063 -nan
1066.33 -nan 3.04375 -nan
1066.71 -nan 3.04688 -nan
1067.09 -nan 3.05 -nan
1067.48 -nan 3.05312 -nan
1067.86 -nan 3.05625 -nan
1068.25 -nan 3.05937 -nan
1068.63 -nan 3.0625 -nan
1069.02 -nan 3.06562 -nan
1069.4 -nan 3.06875 -nan
1069.79 -nan 3.07187 -nan
1070.17 -nan 3.075 -nan
1070.55 -nan 3.07812 -nan
1070.94 -nan 3.08125 -nan
1071.32 -nan 3.08438 -nan
1071.71 -nan 3.0875 -nan
1072.09 -nan 3.09063 -nan
1072.48 -nan 3.09375 -nan
1072.86 -nan 3.09687 -nan
1073.24 -nan 3.1 -nan
1073.63 -nan 3.10312 -nan
1074.01 -nan 3.10625 -nan
1074.4 -nan 3.10938 -nan
1074.78 -nan 3.1125 -nan
1075.17 -nan 3.11562 -nan
1075.55 -nan 3.11875 -nan
1075.94 -nan 3.12188 -nan
1076.32 -nan 3.125 -nan
1076.7 -nan 3.12812 -nan
1077.09 -nan 3.13125 -nan
1077.47 -nan 3.13437 -nan
1077.86 -nan 3.1375 -nan
1078.24 -nan 3.14062 -nan
1078.63 -nan 3.14375 -nan
1079.01 -nan 3.14688 -nan
1079.4 -nan 3.15 -nan
1079.78 -nan 3.15313 -nan
1080.16 -nan 3.15625 -nan
1080.55 -nan 3.15937 -nan
1080.93 -nan 3.1625 -nan
1081.32 -nan 3.16563 -nan
1081.7 -nan 3.16875 -nan
1082.09 -nan 3.17188 -nan
1082.47 -nan 3.175 -nan
1082.85 -nan 3.17813 -nan
1083.24 -nan 3.18125 -nan
1083.62 -nan 3.18437 -nan
1084.01 -nan 3.1875 -nan
1084.39 -nan 3.19063 -nan
1084.78 -nan 3.19375 -nan
1085.16 -nan 3.19688 -nan
1085.55 -nan 3.2 -nan
1085.93 -nan 3.20312 -nan
1086.31 -nan 3.20625 -nan
1086.7 -nan 3.20937 -nan
1087.08 -nan 3.2125 -nan
1087.47 -nan 3.21562 -nan
1087.85 -nan 3.21875 -nan
1088.24 -nan 3.22188 -nan
1088.62 -nan 3.225 -nan
1089.01 -nan 3.22812 -nan
1089.39 -nan 3.23125 -nan
1089.77 -nan 3.23438 -nan
1090.16 -nan 3.2375 -nan
1090.54 -nan 3.24062 -nan
1090.93 -nan 3.24375 -nan
1091.31 -nan 3.24688 -nan
1091.7 -nan 3.25 -nan
1092.08 -nan 3.25312 -nan
1092.46 -nan 3.25625 -nan
1092.85 -nan 3.25937 -nan
1093.23 -nan 3.2625 -nan
1093.62 -nan 3.26562 -nan
1094 -nan 3.26875 -nan
1094.39 -nan 3.27188 -nan
1094.77 -nan 3.275 -nan
1095.16 -nan 3.27813 -nan
1095.54 -nan 3.28125 -nan
1095.92 -nan 3.28437 -nan
1096.31 -nan 3.2875 -nan
1096.69 -nan 3.29062 -nan
1097.08 -nan 3.29375 -nan
1097.46 -nan 3.29688 -nan
1097.85 -nan 3.3 -nan
1098.23 -nan 3.30313 -nan
1098.62 -nan 3.30625 -nan
1099 -nan 3.30938 -nan
1099.38 -nan 3.3125 -nan
1099.77 -nan 3.31562 -nan
1100.15 -nan 3.31875 -nan
1100.54 -nan 3.32188 -nan
1100.92 -nan 3.325 -nan
1101.31 -nan 3.32812 -nan
1101.69 -nan 3.33125 -nan
1102.07 -nan 3.33438 -nan
1102.46 -nan 3.3375 -nan
1102.84 -nan 3.34062 -nan
1103.23 -nan 3.34375 -nan
1103.61 -nan 3.34688 -nan
1104 -nan 3.35 -nan
1104.38 -nan 3.35313 -nan
1104.77 -nan 3.35625 -nan
1105.15 -nan 3.35938 -nan
1105.53 -nan 3.3625 -nan
1105.92 -nan 3.36562 -nan
1106.3 -nan 3.36875 -nan
1106.69 -nan 3.37187 -nan
1107.07 -nan 3.375 -nan
1107.46 -nan 3.37813 -nan
1107.84 -nan 3.38125 -nan
1108.23 -nan 3.38437 -nan
1108.61 -nan 3.3875 -nan
1108.99 -nan 3.39062 -nan
1109.38 -nan 3.39375 -nan
1109.76 -nan 3.39687 -nan
1110.15 -nan 3.4 -nan
1110.53 -nan 3.40313 -nan
1110.92 -nan 3.40625 -nan
1111.3 -nan 3.40937 -nan
1111.68 -nan 3.4125 -nan
1112.07 -nan 3.41562 -nan
1112.45 -nan 3.41875 -nan
1112.84 -nan 3.42188 -nan
1113.22 -nan 3.425 -nan
1113.61 -nan 3.42813 -nan
1113.99 -nan 3.43125 -nan
1114.38 -nan 3.43438 -nan
1114.76 -nan 3.4375 -nan
1115.14 -nan 3.44062 -nan
1115.53 -nan 3.44375 -nan
1115.91 -nan 3.44687 -nan
1116.3 -nan 3.45 -nan
1116.68 -nan 3.45312 -nan
1117.07 -nan 3.45625 -nan
1117.45 -nan 3.45938 -nan
1117.84 -nan 3.4625 -nan
1118.22 -nan 3.46563 -nan
1118.6 -nan 3.46875 -nan
1118.99 -nan 3.47187 -nan
1119.37 -nan 3.475 -nan
1119.76 -nan 3.47813 -nan
1120.14 -nan 3.48125 -nan
1120.53 -nan 3.48438 -nan
1120.91 -nan 3.4875 -nan
1121.29 -nan 3.49063 -nan
1121.68 -nan 3.49375 -nan
1122.06 -nan 3.49687 -nan
1122.45 -nan 3.5 -nan
1122.83 -nan 3.50313 -nan
1123.22 -nan 3.50625 -nan
1123.6 -nan 3.50938 -nan
1123.99 -nan 3.5125 -nan
1124.37 -nan 3.51562 -nan
1124.75 -nan 3.51875 -nan
1125.14 -nan 3.52187 -nan
1125.52 -nan 3.525 -nan
1125.91 -nan 3.52812 -nan
1126.29 -nan 3.53125 -nan
1126.68 -nan 3.53438 -nan
1127.06 -nan 3.5375 -nan
1127.45 -nan 3.54062 -nan
1127.83 -nan 3.54375 -nan
1128.21 -nan 3.54688 -nan
1128.6 -nan 3.55 -nan
1128.98 -nan 3.55312 -nan
1129.37 -nan 3.55625 -nan
1129.75 -nan 3.55938 -nan
1130.14 -nan 3.5625 -nan
1130.52 -nan 3.56562 -nan
1130.9 -nan 3.56875 -nan
1131.29 -nan 3.57187 -nan
1131.67 -nan 3.575 -nan
1132.06 -nan 3.57812 -nan
1132.44 -nan 3.58125 -nan
1132.83 -nan 3.58438 -nan
1133.21 -nan 3.5875 -nan
1133.6 -nan 3.59063 -nan
1133.98 -nan 3.59375 -nan
1134.36 -nan 3.59687 -nan
1134.75 -nan 3.6 -nan
1135.13 -nan 3.60312 -nan
1135.52 -nan 3.60625 -nan
1135.9 -nan 3.60938 -nan
1136.29 -nan 3.6125 -nan
1136.67 -nan 3.61563 -nan
1137.06 -nan 3.61875 -nan
1137.44 -nan 3.62188 -nan
1137.82 -nan 3.625 -nan
1138.21 -nan 3.62812 -nan
1138.59 -nan 3.63125 -nan
1138.98 -nan 3.63438 -nan
1139.36 -nan 3.6375 -nan
1139.75 -nan 3.64062 -nan
1140.13 -nan 3.64375 -nan
1140.51 -nan 3.64688 -nan
1140.9 -nan 3.65 -nan
1141.28 -nan 3.65312 -nan
1141.67 -nan 3.65625 -nan
1142.05 -nan 3.65938 -nan
1142.44 -nan 3.6625 -nan
1142.82 -nan 3.66563 -nan
1143.21 -nan 3.66875 -nan
1143.59 -nan 3.67188 -nan
1143.97 -nan 3.675 -nan
1144.36 -nan 3.67812 -nan
1144.74 -nan 3.68125 -nan
1145.13 -nan 3.68437 -nan
1145.51 -nan 3.6875 -nan
1145.9 -nan 3.69063 -nan
1146.28 -nan 3.69375 -nan
1146.67 -nan 3.69687 -nan
1147.05 -nan 3.7 -nan
1147.43 -nan 3.70312 -nan
1147.82 -nan 3.70625 -nan
1148.2 -nan 3.70937 -nan
1148.59 -nan 3.7125 -nan
1148.97 -nan 3.71563 -nan
1149.36 -nan 3.71875 -nan
1149.74 -nan 3.72187 -nan
1150.12 -nan 3.725 -nan
1150.51 -nan 3.72812 -nan
1150.89 -nan 3.73125 -nan
1151.28 -nan 3.73438 -nan
1151.66 -nan 3.7375 -nan
1152.05 -nan 3.74063 -nan
1152.43 -nan 3.74375 -nan
1152.82 -nan 3.74688 -nan
