864.9 -4465.21 1.24375 -4465.21
865.092 -4451.15 1.24376 -4451.15
865.284 -4437.09 1.24378 -4437.09
865.477 -4423.05 1.24379 -4423.05
865.669 -4409.03 1.2438 -4409.03
865.861 -4395.01 1.24381 -4395.01
866.053 -4381.01 1.24382 -4381.01
866.245 -4367.02 1.24384 -4367.02
866.438 -4353.04 1.24385 -4353.04
866.63 -4339.08 1.24386 -4339.08
866.822 -4325.13 1.24388 -4325.13
867.014 -4311.18 1.24389 -4311.18
867.206 -4297.26 1.2439 -4297.26
867.399 -4283.34 1.24391 -4283.34
867.591 -4269.44 1.24392 -4269.44
867.783 -4255.55 1.24394 -4255.55
867.975 -4241.67 1.24395 -4241.67
868.167 -4227.8 1.24396 -4227.8
868.36 -4213.95 1.24397 -4213.95
868.552 -4200.11 1.24399 -4200.11
868.744 -4186.28 1.244 -4186.28
868.936 -4172.47 1.24401 -4172.47
869.128 -4158.66 1.24402 -4158.66
869.321 -4144.87 1.24404 -4144.87
869.513 -4131.1 1.24405 -4131.1
869.705 -4117.33 1.24406 -4117.33
869.897 -4103.58 1.24408 -4103.58
870.089 -4089.84 1.24409 -4089.84
870.282 -4076.12 1.2441 -4076.12
870.474 -4062.41 1.24411 -4062.41
870.666 -4048.71 1.24412 -4048.71
870.858 -4035.02 1.24414 -4035.02
871.05 -4021.34 1.24415 -4021.34
871.243 -4007.68 1.24416 -4007.68
871.435 -3994.04 1.24418 -3994.04
871.627 -3980.4 1.24419 -3980.4
871.819 -3966.78 1.2442 -3966.78
872.011 -3953.17 1.24421 -3953.17
872.204 -3939.58 1.24423 -3939.58
872.396 -3925.99 1.24424 -3925.99
872.588 -3912.42 1.24425 -3912.42
872.78 -3898.87 1.24426 -3898.87
872.972 -3885.33 1.24428 -3885.33
873.165 -3871.8 1.24429 -3871.8
873.357 -3858.28 1.2443 -3858.28
873.549 -3844.78 1.24431 -3844.78
873.741 -3831.29 1.24432 -3831.29
873.933 -3817.81 1.24434 -3817.81
874.126 -3804.35 1.24435 -3804.35
874.318 -3790.9 1.24436 -3790.9
874.51 -3777.47 1.24438 -3777.47
874.702 -3764.04 1.24439 -3764.04
874.894 -3750.64 1.2444 -3750.64
875.087 -3737.24 1.24441 -3737.24
875.279 -3723.86 1.24442 -3723.86
875.471 -3710.49 1.24444 -3710.49
875.663 -3697.14 1.24445 -3697.14
875.855 -3683.8 1.24446 -3683.8
876.048 -3670.47 1.24447 -3670.47
876.24 -3657.16 1.24449 -3657.16
876.432 -3643.86 1.2445 -3643.86
876.624 -3630.58 1.24451 -3630.58
876.816 -3617.31 1.24452 -3617.31
877.009 -3604.05 1.24454 -3604.05
877.201 -3590.81 1.24455 -3590.81
877.393 -3577.58 1.24456 -3577.58
877.585 -3564.36 1.24457 -3564.36
877.777 -3551.16 1.24459 -3551.16
877.97 -3537.97 1.2446 -3537.97
878.162 -3524.8 1.24461 -3524.8
878.354 -3511.64 1.24463 -3511.64
878.546 -3498.5 1.24464 -3498.5
878.738 -3485.37 1.24465 -3485.37
878.931 -3472.25 1.24466 -3472.25
879.123 -3459.15 1.24467 -3459.15
879.315 -3446.06 1.24469 -3446.06
879.507 -3432.99 1.2447 -3432.99
879.699 -3419.93 1.24471 -3419.93
879.892 -3406.89 1.24473 -3406.89
880.084 -3393.86 1.24474 -3393.86
880.276 -3380.84 1.24475 -3380.84
880.468 -3367.84 1.24476 -3367.84
880.66 -3354.85 1.24477 -3354.85
880.853 -3341.88 1.24479 -3341.88
881.045 -3328.92 1.2448 -3328.92
881.237 -3315.98 1.24481 -3315.98
881.429 -3303.05 1.24483 -3303.05
881.621 -3290.14 1.24484 -3290.14
881.814 -3277.24 1.24485 -3277.24
882.006 -3264.36 1.24486 -3264.36
882.198 -3251.49 1.24487 -3251.49
882.39 -3238.64 1.24489 -3238.64
882.582 -3225.8 1.2449 -3225.8
882.775 -3212.97 1.24491 -3212.97
882.967 -3200.16 1.24492 -3200.16
883.159 -3187.37 1.24494 -3187.37
883.351 -3174.59 1.24495 -3174.59
883.543 -3161.83 1.24496 -3161.83
883.736 -3149.08 1.24497 -3149.08
883.928 -3136.34 1.24499 -3136.34
884.12 -3123.62 1.245 -3123.62
884.312 -3110.92 1.24501 -3110.92
884.504 -3098.23 1.24503 -3098.23
884.697 -3085.56 1.24504 -3085.56
884.889 -3072.9 1.24505 -3072.9
885.081 -3060.26 1.24506 -3060.26
885.273 -3047.64 1.24507 -3047.64
885.465 -3035.02 1.24509 -3035.02
885.658 -3022.43 1.2451 -3022.43
885.85 -3009.85 1.24511 -3009.85
886.042 -2997.28 1.24513 -2997.28
886.234 -2984.74 1.24514 -2984.74
886.426 -2972.2 1.24515 -2972.2
886.619 -2959.68 1.24516 -2959.68
886.811 -2947.18 1.24518 -2947.18
887.003 -2934.7 1.24519 -2934.7
887.195 -2922.23 1.2452 -2922.23
887.387 -2909.77 1.24521 -2909.77
887.58 -2897.33 1.24523 -2897.33
887.772 -2884.91 1.24524 -2884.91
887.964 -2872.5 1.24525 -2872.5
888.156 -2860.11 1.24526 -2860.11
888.348 -2847.74 1.24527 -2847.74
888.541 -2835.38 1.24529 -2835.38
888.733 -2823.04 1.2453 -2823.04
888.925 -2810.71 1.24531 -2810.71
889.117 -2798.4 1.24533 -2798.4
889.309 -2786.11 1.24534 -2786.11
889.502 -2773.83 1.24535 -2773.83
889.694 -2761.57 1.24536 -2761.57
889.886 -2749.33 1.24537 -2749.33
890.078 -2737.1 1.24539 -2737.1
890.27 -2724.89 1.2454 -2724.89
890.463 -2712.69 1.24541 -2712.69
890.655 -2700.51 1.24543 -2700.51
890.847 -2688.35 1.24544 -2688.35
891.039 -2676.21 1.24545 -2676.21
891.231 -2664.08 1.24546 -2664.08
891.424 -2651.97 1.24547 -2651.97
891.616 -2639.87 1.24549 -2639.87
891.808 -2627.79 1.2455 -2627.79
892 -2615.73 1.24551 -2615.73
892.192 -2603.69 1.24552 -2603.69
892.385 -2591.66 1.24554 -2591.66
892.577 -2579.65 1.24555 -2579.65
892.769 -2567.66 1.24556 -2567.66
892.961 -2555.68 1.24558 -2555.68
893.153 -2543.72 1.24559 -2543.72
893.346 -2531.78 1.2456 -2531.78
893.538 -2519.86 1.24561 -2519.86
893.73 -2507.95 1.24562 -2507.95
893.922 -2496.06 1.24564 -2496.06
894.114 -2484.19 1.24565 -2484.19
894.307 -2472.33 1.24566 -2472.33
894.499 -2460.49 1.24567 -2460.49
894.691 -2448.67 1.24569 -2448.67
894.883 -2436.87 1.2457 -2436.87
895.075 -2425.08 1.24571 -2425.08
895.268 -2413.32 1.24572 -2413.32
895.46 -2401.57 1.24574 -2401.57
895.652 -2389.84 1.24575 -2389.84
895.844 -2378.12 1.24576 -2378.12
896.036 -2366.43 1.24577 -2366.43
896.229 -2354.75 1.24579 -2354.75
896.421 -2343.09 1.2458 -2343.09
896.613 -2331.44 1.24581 -2331.44
896.805 -2319.82 1.24582 -2319.82
896.997 -2308.21 1.24584 -2308.21
897.19 -2296.63 1.24585 -2296.63
897.382 -2285.06 1.24586 -2285.06
897.574 -2273.5 1.24588 -2273.5
897.766 -2261.97 1.24589 -2261.97
897.958 -2250.46 1.2459 -2250.46
898.151 -2238.96 1.24591 -2238.96
898.343 -2227.48 1.24592 -2227.48
898.535 -2216.02 1.24594 -2216.02
898.727 -2204.58 1.24595 -2204.58
898.919 -2193.16 1.24596 -2193.16
899.112 -2181.76 1.24598 -2181.76
899.304 -2170.37 1.24599 -2170.37
899.496 -2159.01 1.246 -2159.01
899.688 -2147.66 1.24601 -2147.66
899.88 -2136.33 1.24602 -2136.33
900.073 -2125.02 1.24604 -2125.02
900.265 -2113.73 1.24605 -2113.73
900.457 -2102.46 1.24606 -2102.46
900.649 -2091.21 1.24608 -2091.21
900.841 -2079.97 1.24609 -2079.97
901.034 -2068.76 1.2461 -2068.76
901.226 -2057.57 1.24611 -2057.57
901.418 -2046.39 1.24612 -2046.39
901.61 -2035.24 1.24614 -2035.24
901.802 -2024.1 1.24615 -2024.1
901.995 -2012.98 1.24616 -2012.98
902.187 -2001.89 1.24618 -2001.89
902.379 -1990.81 1.24619 -1990.81
902.571 -1979.75 1.2462 -1979.75
902.763 -1968.71 1.24621 -1968.71
902.956 -1957.69 1.24622 -1957.69
903.148 -1946.7 1.24624 -1946.7
903.34 -1935.72 1.24625 -1935.72
903.532 -1924.76 1.24626 -1924.76
903.724 -1913.82 1.24628 -1913.82
903.917 -1902.9 1.24629 -1902.9
904.109 -1892 1.2463 -1892
904.301 -1881.13 1.24631 -1881.13
904.493 -1870.27 1.24632 -1870.27
904.685 -1859.43 1.24634 -1859.43
904.878 -1848.61 1.24635 -1848.61
905.07 -1837.82 1.24636 -1837.82
905.262 -1827.04 1.24638 -1827.04
905.454 -1816.29 1.24639 -1816.29
905.646 -1805.55 1.2464 -1805.55
905.839 -1794.84 1.24641 -1794.84
906.031 -1784.15 1.24643 -1784.15
906.223 -1773.47 1.24644 -1773.47
906.415 -1762.82 1.24645 -1762.82
906.607 -1752.19 1.24646 -1752.19
906.8 -1741.58 1.24647 -1741.58
906.992 -1730.99 1.24649 -1730.99
907.184 -1720.43 1.2465 -1720.43
907.376 -1709.88 1.24651 -1709.88
907.568 -1699.36 1.24653 -1699.36
907.761 -1688.85 1.24654 -1688.85
907.953 -1678.37 1.24655 -1678.37
908.145 -1667.91 1.24656 -1667.91
908.337 -1657.47 1.24657 -1657.47
908.529 -1647.06 1.24659 -1647.06
908.722 -1636.66 1.2466 -1636.66
908.914 -1626.29 1.24661 -1626.29
909.106 -1615.94 1.24662 -1615.94
909.298 -1605.61 1.24664 -1605.61
909.49 -1595.3 1.24665 -1595.3
909.683 -1585.02 1.24666 -1585.02
909.875 -1574.75 1.24667 -1574.75
910.067 -1564.51 1.24669 -1564.51
910.259 -1554.29 1.2467 -1554.29
910.451 -1544.1 1.24671 -1544.1
910.644 -1533.92 1.24672 -1533.92
910.836 -1523.77 1.24674 -1523.77
911.028 -1513.64 1.24675 -1513.64
911.22 -1503.54 1.24676 -1503.54
911.412 -1493.45 1.24677 -1493.45
911.605 -1483.39 1.24679 -1483.39
911.797 -1473.36 1.2468 -1473.36
911.989 -1463.34 1.24681 -1463.34
912.181 -1453.35 1.24683 -1453.35
912.373 -1443.38 1.24684 -1443.38
912.566 -1433.43 1.24685 -1433.43
912.758 -1423.51 1.24686 -1423.51
912.95 -1413.61 1.24687 -1413.61
913.142 -1403.74 1.24689 -1403.74
913.334 -1393.89 1.2469 -1393.89
913.527 -1384.06 1.24691 -1384.06
913.719 -1374.25 1.24693 -1374.25
913.911 -1364.47 1.24694 -1364.47
914.103 -1354.72 1.24695 -1354.72
914.295 -1344.98 1.24696 -1344.98
914.488 -1335.27 1.24697 -1335.27
914.68 -1325.59 1.24699 -1325.59
914.872 -1315.93 1.247 -1315.93
915.064 -1306.29 1.24701 -1306.29
915.256 -1296.68 1.24702 -1296.68
915.449 -1287.09 1.24704 -1287.09
915.641 -1277.53 1.24705 -1277.53
915.833 -1267.99 1.24706 -1267.99
916.025 -1258.47 1.24707 -1258.47
916.217 -1248.98 1.24709 -1248.98
916.41 -1239.52 1.2471 -1239.52
916.602 -1230.08 1.24711 -1230.08
916.794 -1220.66 1.24712 -1220.66
916.986 -1211.27 1.24714 -1211.27
917.178 -1201.91 1.24715 -1201.91
917.371 -1192.57 1.24716 -1192.57
917.563 -1183.25 1.24717 -1183.25
917.755 -1173.97 1.24719 -1173.97
917.947 -1164.7 1.2472 -1164.7
918.139 -1155.47 1.24721 -1155.47
918.332 -1146.25 1.24723 -1146.25
918.524 -1137.07 1.24724 -1137.07
918.716 -1127.91 1.24725 -1127.91
918.908 -1118.77 1.24726 -1118.77
919.1 -1109.67 1.24727 -1109.67
919.293 -1100.58 1.24729 -1100.58
919.485 -1091.53 1.2473 -1091.53
919.677 -1082.5 1.24731 -1082.5
919.869 -1073.5 1.24733 -1073.5
920.061 -1064.52 1.24734 -1064.52
920.254 -1055.57 1.24735 -1055.57
920.446 -1046.65 1.24736 -1046.65
920.638 -1037.75 1.24737 -1037.75
920.83 -1028.89 1.24739 -1028.89
921.022 -1020.04 1.2474 -1020.04
921.215 -1011.23 1.24741 -1011.23
921.407 -1002.44 1.24743 -1002.44
921.599 -993.682 1.24744 -993.682
921.791 -984.95 1.24745 -984.95
921.983 -976.245 1.24746 -976.245
922.176 -967.568 1.24747 -967.568
922.368 -958.918 1.24749 -958.918
922.56 -950.297 1.2475 -950.297
922.752 -941.704 1.24751 -941.704
922.944 -933.138 1.24752 -933.138
923.137 -924.601 1.24754 -924.601
923.329 -916.092 1.24755 -916.092
923.521 -907.612 1.24756 -907.612
923.713 -899.16 1.24757 -899.16
923.905 -890.737 1.24759 -890.737
924.098 -882.343 1.2476 -882.343
924.29 -873.977 1.24761 -873.977
924.482 -865.64 1.24762 -865.64
924.674 -857.333 1.24764 -857.333
924.866 -849.055 1.24765 -849.055
925.059 -840.806 1.24766 -840.806
925.251 -832.586 1.24767 -832.586
925.443 -824.397 1.24769 -824.397
925.635 -816.236 1.2477 -816.236
925.827 -808.106 1.24771 -808.106
926.02 -800.005 1.24772 -800.005
926.212 -791.935 1.24774 -791.935
926.404 -783.895 1.24775 -783.895
926.596 -775.885 1.24776 -775.885
926.788 -767.905 1.24778 -767.905
926.981 -759.956 1.24779 -759.956
927.173 -752.037 1.2478 -752.037
927.365 -744.15 1.24781 -744.15
927.557 -736.293 1.24782 -736.293
927.749 -728.467 1.24784 -728.467
927.942 -720.672 1.24785 -720.672
928.134 -712.909 1.24786 -712.909
928.326 -705.177 1.24788 -705.177
928.518 -697.477 1.24789 -697.477
928.71 -689.808 1.2479 -689.808
928.903 -682.171 1.24791 -682.171
929.095 -674.566 1.24792 -674.566
929.287 -666.993 1.24794 -666.993
929.479 -659.452 1.24795 -659.452
929.671 -651.944 1.24796 -651.944
929.864 -644.468 1.24797 -644.468
930.056 -637.024 1.24799 -637.024
930.248 -629.614 1.248 -629.614
930.44 -622.236 1.24801 -622.236
930.632 -614.891 1.24802 -614.891
930.825 -607.58 1.24804 -607.58
931.017 -600.301 1.24805 -600.301
931.209 -593.056 1.24806 -593.056
931.401 -585.845 1.24808 -585.845
931.593 -578.668 1.24809 -578.668
931.786 -571.524 1.2481 -571.524
931.978 -564.415 1.24811 -564.415
932.17 -557.339 1.24812 -557.339
932.362 -550.298 1.24814 -550.298
932.554 -543.292 1.24815 -543.292
932.747 -536.32 1.24816 -536.32
932.939 -529.383 1.24818 -529.383
933.131 -522.481 1.24819 -522.481
933.323 -515.614 1.2482 -515.614
933.515 -508.782 1.24821 -508.782
933.708 -501.986 1.24822 -501.986
933.9 -495.225 1.24824 -495.225
934.092 -488.5 1.24825 -488.5
934.284 -481.811 1.24826 -481.811
934.476 -475.158 1.24828 -475.158
934.669 -468.541 1.24829 -468.541
934.861 -461.96 1.2483 -461.96
935.053 -455.416 1.24831 -455.416
935.245 -448.909 1.24832 -448.909
935.437 -442.439 1.24834 -442.439
935.63 -436.006 1.24835 -436.006
935.822 -429.61 1.24836 -429.61
936.014 -423.251 1.24837 -423.251
936.206 -416.93 1.24839 -416.93
936.398 -410.647 1.2484 -410.647
936.591 -404.402 1.24841 -404.402
936.783 -398.195 1.24842 -398.195
936.975 -392.026 1.24844 -392.026
937.167 -385.895 1.24845 -385.895
937.359 -379.804 1.24846 -379.804
937.552 -373.751 1.24848 -373.751
937.744 -367.737 1.24849 -367.737
937.936 -361.762 1.2485 -361.762
938.128 -355.827 1.24851 -355.827
938.32 -349.932 1.24852 -349.932
938.513 -344.076 1.24854 -344.076
938.705 -338.26 1.24855 -338.26
938.897 -332.485 1.24856 -332.485
939.089 -326.749 1.24857 -326.749
939.281 -321.055 1.24859 -321.055
939.474 -315.401 1.2486 -315.401
939.666 -309.788 1.24861 -309.788
939.858 -304.216 1.24863 -304.216
940.05 -298.686 1.24864 -298.686
940.242 -293.197 1.24865 -293.197
940.435 -287.75 1.24866 -287.75
940.627 -282.345 1.24867 -282.345
940.819 -276.983 1.24869 -276.983
941.011 -271.663 1.2487 -271.663
941.203 -266.385 1.24871 -266.385
941.396 -261.15 1.24872 -261.15
941.588 -255.959 1.24874 -255.959
941.78 -250.811 1.24875 -250.811
941.972 -245.706 1.24876 -245.706
942.164 -240.645 1.24877 -240.645
942.357 -235.628 1.24879 -235.628
942.549 -230.655 1.2488 -230.655
942.741 -225.727 1.24881 -225.727
942.933 -220.844 1.24882 -220.844
943.125 -216.005 1.24884 -216.005
943.318 -211.212 1.24885 -211.212
943.51 -206.464 1.24886 -206.464
943.702 -201.761 1.24887 -201.761
943.894 -197.105 1.24889 -197.105
944.086 -192.495 1.2489 -192.495
944.279 -187.931 1.24891 -187.931
944.471 -183.413 1.24892 -183.413
944.663 -178.943 1.24894 -178.943
944.855 -174.52 1.24895 -174.52
945.047 -170.144 1.24896 -170.144
945.24 -165.816 1.24897 -165.816
945.432 -161.536 1.24899 -161.536
945.624 -157.304 1.249 -157.304
945.816 -153.12 1.24901 -153.12
946.008 -148.985 1.24903 -148.985
946.201 -144.9 1.24904 -144.9
946.393 -140.863 1.24905 -140.863
946.585 -136.876 1.24906 -136.876
946.777 -132.939 1.24907 -132.939
946.969 -129.052 1.24909 -129.052
947.162 -125.216 1.2491 -125.216
947.354 -121.43 1.24911 -121.43
947.546 -117.695 1.24913 -117.695
947.738 -114.012 1.24914 -114.012
947.93 -110.38 1.24915 -110.38
948.123 -106.8 1.24916 -106.8
948.315 -103.272 1.24917 -103.272
948.507 -99.7968 1.24919 -99.7968
948.699 -96.3744 1.2492 -96.3744
948.891 -93.005 1.24921 -93.005
949.084 -89.6891 1.24923 -89.6891
949.276 -86.4269 1.24924 -86.4269
949.468 -83.2189 1.24925 -83.2189
949.66 -80.0652 1.24926 -80.0652
949.852 -76.9663 1.24927 -76.9663
950.045 -73.9224 1.24929 -73.9224
950.237 -70.934 1.2493 -70.934
950.429 -68.0013 1.24931 -68.0013
950.621 -65.1247 1.24932 -65.1247
950.813 -62.3045 1.24934 -62.3045
951.006 -59.5411 1.24935 -59.5411
951.198 -56.8349 1.24936 -56.8349
951.39 -54.1861 1.24937 -54.1861
951.582 -51.5952 1.24939 -51.5952
951.774 -49.0625 1.2494 -49.0625
951.967 -46.5884 1.24941 -46.5884
952.159 -44.1733 1.24943 -44.1733
952.351 -41.8175 1.24944 -41.8175
952.543 -39.5214 1.24945 -39.5214
952.735 -37.2854 1.24946 -37.2854
952.928 -35.11 1.24947 -35.11
953.12 -32.9954 1.24949 -32.9954
953.312 -30.942 1.2495 -30.942
953.504 -28.9504 1.24951 -28.9504
953.696 -27.0209 1.24952 -27.0209
953.889 -25.1538 1.24954 -25.1538
954.081 -23.3497 1.24955 -23.3497
954.273 -21.6089 1.24956 -21.6089
954.465 -19.9319 1.24958 -19.9319
954.657 -18.319 1.24959 -18.319
954.85 -16.7708 1.2496 -16.7708
955.042 -15.2877 1.24961 -15.2877
955.234 -13.87 1.24962 -13.87
955.426 -12.5184 1.24964 -12.5184
955.618 -11.2331 1.24965 -11.2331
955.811 -10.0147 1.24966 -10.0147
956.003 -8.86365 1.24967 -8.86365
956.195 -7.7804 1.24969 -7.7804
956.387 -6.76544 1.2497 -6.76544
956.579 -5.81925 1.24971 -5.81925
956.772 -4.94232 1.24972 -4.94232
956.964 -4.13513 1.24974 -4.13513
957.156 -3.39819 1.24975 -3.39819
957.348 -2.73201 1.24976 -2.73201
957.54 -2.1371 1.24977 -2.1371
957.733 -1.61397 1.24979 -1.61397
957.925 -1.16315 1.2498 -1.16315
958.117 -0.785165 1.24981 -0.785165
958.309 -0.480561 1.24982 -0.480561
958.501 -0.249878 1.24984 -0.249878
958.694 -0.0936666 1.24985 -0.0936666
958.886 -0.0124855 1.24986 -0.0124855
959.078 -0.0068991 1.24987 -0.0068991
959.27 -0.0774795 1.24989 -0.0774795
959.462 -0.224806 1.2499 -0.224806
959.655 -0.449465 1.24991 -0.449465
959.847 -0.752052 1.24992 -0.752052
960.039 -1.13317 1.24994 -1.13317
960.231 -1.59342 1.24995 -1.59342
960.423 -2.13343 1.24996 -2.13343
960.616 -2.75383 1.24998 -2.75383
960.808 -3.45524 1.24999 -3.45524
961 -4.23831 1.25 -4.23831
961.192 -5.10369 1.25001 -5.10369
961.384 -6.05204 1.25002 -6.05204
961.577 -7.08403 1.25004 -7.08403
961.769 -8.20034 1.25005 -8.20034
961.961 -9.40166 1.25006 -9.40166
962.153 -10.6887 1.25007 -10.6887
962.345 -12.0621 1.25009 -12.0621
962.538 -13.5226 1.2501 -13.5226
962.73 -15.071 1.25011 -15.071
962.922 -16.708 1.25012 -16.708
963.114 -18.4344 1.25014 -18.4344
963.306 -20.2508 1.25015 -20.2508
963.499 -22.158 1.25016 -22.158
963.691 -24.1569 1.25018 -24.1569
963.883 -26.2483 1.25019 -26.2483
964.075 -28.4329 1.2502 -28.4329
964.267 -30.7115 1.25021 -30.7115
964.46 -33.085 1.25022 -33.085
964.652 -35.5541 1.25024 -35.5541
964.844 -38.1199 1.25025 -38.1199
965.036 -40.7831 1.25026 -40.7831
965.228 -43.5445 1.25027 -43.5445
965.421 -46.4052 1.25029 -46.4052
965.613 -49.3659 1.2503 -49.3659
965.805 -52.4277 1.25031 -52.4277
965.997 -55.5914 1.25032 -55.5914
966.189 -58.858 1.25034 -58.858
966.382 -62.2284 1.25035 -62.2284
966.574 -65.7036 1.25036 -65.7036
966.766 -69.2847 1.25038 -69.2847
966.958 -72.9725 1.25039 -72.9725
967.15 -76.7682 1.2504 -76.7682
967.343 -80.6728 1.25041 -80.6728
967.535 -84.6873 1.25042 -84.6873
967.727 -88.8128 1.25044 -88.8128
967.919 -93.0505 1.25045 -93.0505
968.111 -97.4013 1.25046 -97.4013
968.304 -101.866 1.25048 -101.866
968.496 -106.447 1.25049 -106.447
968.688 -111.144 1.2505 -111.144
968.88 -115.959 1.25051 -115.959
969.072 -120.894 1.25052 -120.894
969.265 -125.948 1.25054 -125.948
969.457 -131.124 1.25055 -131.124
969.649 -136.423 1.25056 -136.423
969.841 -141.845 1.25057 -141.845
970.033 -147.394 1.25059 -147.394
970.226 -153.068 1.2506 -153.068
970.418 -158.871 1.25061 -158.871
970.61 -164.804 1.25062 -164.804
970.802 -170.867 1.25064 -170.867
970.994 -177.063 1.25065 -177.063
971.187 -183.392 1.25066 -183.392
971.379 -189.857 1.25067 -189.857
971.571 -196.459 1.25069 -196.459
971.763 -203.199 1.2507 -203.199
971.955 -210.078 1.25071 -210.078
972.148 -217.1 1.25073 -217.1
972.34 -224.264 1.25074 -224.264
972.532 -231.574 1.25075 -231.574
972.724 -239.03 1.25076 -239.03
972.916 -246.634 1.25077 -246.634
973.109 -254.388 1.25079 -254.388
973.301 -262.295 1.2508 -262.295
973.493 -270.355 1.25081 -270.355
973.685 -278.57 1.25082 -278.57
973.877 -286.943 1.25084 -286.943
974.07 -295.476 1.25085 -295.476
974.262 -304.17 1.25086 -304.17
974.454 -313.028 1.25087 -313.028
974.646 -322.051 1.25089 -322.051
974.838 -331.242 1.2509 -331.242
975.031 -340.603 1.25091 -340.603
975.223 -350.136 1.25093 -350.136
975.415 -359.844 1.25094 -359.844
975.607 -369.729 1.25095 -369.729
975.799 -379.792 1.25096 -379.792
975.992 -390.038 1.25097 -390.038
976.184 -400.467 1.25099 -400.467
976.376 -411.083 1.251 -411.083
976.568 -421.889 1.25101 -421.889
976.76 -432.886 1.25103 -432.886
976.953 -444.078 1.25104 -444.078
977.145 -455.467 1.25105 -455.467
977.337 -467.057 1.25106 -467.057
977.529 -478.85 1.25107 -478.85
977.721 -490.85 1.25109 -490.85
977.914 -503.058 1.2511 -503.058
978.106 -515.48 1.25111 -515.48
978.298 -528.117 1.25112 -528.117
978.49 -540.973 1.25114 -540.973
978.682 -554.052 1.25115 -554.052
978.875 -567.357 1.25116 -567.357
979.067 -580.891 1.25117 -580.891
979.259 -594.659 1.25119 -594.659
979.451 -608.664 1.2512 -608.664
979.643 -622.91 1.25121 -622.91
979.836 -637.401 1.25123 -637.401
980.028 -652.142 1.25124 -652.142
980.22 -667.135 1.25125 -667.135
980.412 -682.387 1.25126 -682.387
980.604 -697.9 1.25128 -697.9
980.797 -713.681 1.25129 -713.681
980.989 -729.733 1.2513 -729.733
981.181 -746.062 1.25131 -746.062
981.373 -762.672 1.25132 -762.672
981.565 -779.569 1.25134 -779.569
981.758 -796.758 1.25135 -796.758
981.95 -814.245 1.25136 -814.245
982.142 -832.036 1.25137 -832.036
982.334 -850.135 1.25139 -850.135
982.526 -868.55 1.2514 -868.55
982.719 -887.287 1.25141 -887.287
982.911 -906.352 1.25142 -906.352
983.103 -925.752 1.25144 -925.752
983.295 -945.493 1.25145 -945.493
983.487 -965.584 1.25146 -965.584
983.68 -986.031 1.25147 -986.031
983.872 -1006.84 1.25149 -1006.84
984.064 -1028.03 1.2515 -1028.03
984.256 -1049.59 1.25151 -1049.59
984.448 -1071.55 1.25152 -1071.55
984.641 -1093.9 1.25154 -1093.9
984.833 -1116.66 1.25155 -1116.66
985.025 -1139.84 1.25156 -1139.84
985.217 -1163.44 1.25158 -1163.44
985.409 -1187.48 1.25159 -1187.48
985.602 -1211.97 1.2516 -1211.97
985.794 -1236.92 1.25161 -1236.92
985.986 -1262.35 1.25162 -1262.35
986.178 -1288.26 1.25164 -1288.26
986.37 -1314.66 1.25165 -1314.66
986.563 -1341.58 1.25166 -1341.58
986.755 -1369.02 1.25167 -1369.02
986.947 -1397 1.25169 -1397
987.139 -1425.54 1.2517 -1425.54
987.331 -1454.64 1.25171 -1454.64
987.524 -1484.34 1.25172 -1484.34
987.716 -1514.65 1.25174 -1514.65
987.908 -1545.58 1.25175 -1545.58
988.1 -1577.15 1.25176 -1577.15
988.292 -1609.4 1.25177 -1609.4
988.485 -1642.33 1.25179 -1642.33
988.677 -1675.97 1.2518 -1675.97
988.869 -1710.35 1.25181 -1710.35
989.061 -1745.5 1.25182 -1745.5
989.253 -1781.44 1.25184 -1781.44
989.446 -1818.2 1.25185 -1818.2
989.638 -1855.81 1.25186 -1855.81
989.83 -1894.3 1.25187 -1894.3
990.022 -1933.72 1.25189 -1933.72
990.214 -1974.1 1.2519 -1974.1
990.407 -2015.49 1.25191 -2015.49
990.599 -2057.91 1.25192 -2057.91
990.791 -2101.43 1.25194 -2101.43
990.983 -2146.1 1.25195 -2146.1
991.175 -2191.96 1.25196 -2191.96
991.368 -2239.09 1.25197 -2239.09
991.56 -2287.54 1.25199 -2287.54
991.752 -2337.38 1.252 -2337.38
991.944 -2388.7 1.25201 -2388.7
992.136 -2441.57 1.25202 -2441.57
992.329 -2496.1 1.25204 -2496.1
992.521 -2552.38 1.25205 -2552.38
992.713 -2610.53 1.25206 -2610.53
992.905 -2670.67 1.25208 -2670.67
993.097 -2732.95 1.25209 -2732.95
993.29 -2797.53 1.2521 -2797.53
993.482 -2864.58 1.25211 -2864.58
993.674 -2934.32 1.25212 -2934.32
993.866 -3006.99 1.25214 -3006.99
994.058 -3082.84 1.25215 -3082.84
994.251 -3162.21 1.25216 -3162.21
994.443 -3245.47 1.25217 -3245.47
994.635 -3333.06 1.25219 -3333.06
994.827 -3425.53 1.2522 -3425.53
995.019 -3523.54 1.25221 -3523.54
995.212 -3627.91 1.25222 -3627.91
995.404 -3739.72 1.25224 -3739.72
995.596 -3860.34 1.25225 -3860.34
995.788 -3991.66 1.25226 -3991.66
995.98 -4136.35 1.25228 -4136.35
996.173 -4298.43 1.25229 -4298.43
996.365 -4484.44 1.2523 -4484.44
996.557 -4706.45 1.25231 -4706.45
996.749 -4992.43 1.25232 -4992.43
996.941 -5458.44 1.25234 -5458.44
997.134 -nan 1.25235 -nan
997.326 -nan 1.25236 -nan
997.518 -nan 1.25238 -nan
997.71 -nan 1.25239 -nan
997.902 -nan 1.2524 -nan
998.095 -nan 1.25241 -nan
998.287 -nan 1.25242 -nan
998.479 -nan 1.25244 -nan
998.671 -nan 1.25245 -nan
998.863 -nan 1.25246 -nan
999.056 -nan 1.25247 -nan
999.248 -nan 1.25249 -nan
999.44 -nan 1.2525 -nan
999.632 -nan 1.25251 -nan
999.824 -nan 1.25252 -nan
1000.02 -nan 1.25254 -nan
1000.21 -nan 1.25255 -nan
1000.4 -nan 1.25256 -nan
1000.59 -nan 1.25257 -nan
1000.79 -nan 1.25259 -nan
1000.98 -nan 1.2526 -nan
1001.17 -nan 1.25261 -nan
1001.36 -nan 1.25263 -nan
1001.55 -nan 1.25264 -nan
1001.75 -nan 1.25265 -nan
1001.94 -nan 1.25266 -nan
1002.13 -nan 1.25267 -nan
1002.32 -nan 1.25269 -nan
1002.52 -nan 1.2527 -nan
1002.71 -nan 1.25271 -nan
1002.9 -nan 1.25272 -nan
1003.09 -nan 1.25274 -nan
1003.28 -nan 1.25275 -nan
1003.48 -nan 1.25276 -nan
1003.67 -nan 1.25277 -nan
1003.86 -nan 1.25279 -nan
1004.05 -nan 1.2528 -nan
1004.25 -nan 1.25281 -nan
1004.44 -nan 1.25282 -nan
1004.63 -nan 1.25284 -nan
1004.82 -nan 1.25285 -nan
1005.01 -nan 1.25286 -nan
1005.21 -nan 1.25287 -nan
1005.4 -nan 1.25289 -nan
1005.59 -nan 1.2529 -nan
1005.78 -nan 1.25291 -nan
1005.97 -nan 1.25293 -nan
1006.17 -nan 1.25294 -nan
1006.36 -nan 1.25295 -nan
1006.55 -nan 1.25296 -nan
1006.74 -nan 1.25297 -nan
1006.94 -nan 1.25299 -nan
1007.13 -nan 1.253 -nan
1007.32 -nan 1.25301 -nan
1007.51 -nan 1.25302 -nan
1007.7 -nan 1.25304 -nan
1007.9 -nan 1.25305 -nan
1008.09 -nan 1.25306 -nan
1008.28 -nan 1.25307 -nan
1008.47 -nan 1.25309 -nan
1008.67 -nan 1.2531 -nan
1008.86 -nan 1.25311 -nan
1009.05 -nan 1.25312 -nan
1009.24 -nan 1.25314 -nan
1009.43 -nan 1.25315 -nan
1009.63 -nan 1.25316 -nan
1009.82 -nan 1.25317 -nan
1010.01 -nan 1.25319 -nan
1010.2 -nan 1.2532 -nan
1010.4 -nan 1.25321 -nan
1010.59 -nan 1.25323 -nan
1010.78 -nan 1.25324 -nan
1010.97 -nan 1.25325 -nan
1011.16 -nan 1.25326 -nan
1011.36 -nan 1.25327 -nan
1011.55 -nan 1.25329 -nan
1011.74 -nan 1.2533 -nan
1011.93 -nan 1.25331 -nan
1012.13 -nan 1.25332 -nan
1012.32 -nan 1.25334 -nan
1012.51 -nan 1.25335 -nan
1012.7 -nan 1.25336 -nan
1012.89 -nan 1.25337 -nan
1013.09 -nan 1.25339 -nan
1013.28 -nan 1.2534 -nan
1013.47 -nan 1.25341 -nan
1013.66 -nan 1.25343 -nan
1013.86 -nan 1.25344 -nan
1014.05 -nan 1.25345 -nan
1014.24 -nan 1.25346 -nan
1014.43 -nan 1.25347 -nan
1014.62 -nan 1.25349 -nan
1014.82 -nan 1.2535 -nan
1015.01 -nan 1.25351 -nan
1015.2 -nan 1.25352 -nan
1015.39 -nan 1.25354 -nan
1015.58 -nan 1.25355 -nan
1015.78 -nan 1.25356 -nan
1015.97 -nan 1.25357 -nan
1016.16 -nan 1.25359 -nan
1016.35 -nan 1.2536 -nan
1016.55 -nan 1.25361 -nan
1016.74 -nan 1.25362 -nan
1016.93 -nan 1.25364 -nan
1017.12 -nan 1.25365 -nan
1017.31 -nan 1.25366 -nan
1017.51 -nan 1.25367 -nan
1017.7 -nan 1.25369 -nan
1017.89 -nan 1.2537 -nan
1018.08 -nan 1.25371 -nan
1018.28 -nan 1.25372 -nan
1018.47 -nan 1.25374 -nan
1018.66 -nan 1.25375 -nan
1018.85 -nan 1.25376 -nan
1019.04 -nan 1.25378 -nan
1019.24 -nan 1.25379 -nan
1019.43 -nan 1.2538 -nan
1019.62 -nan 1.25381 -nan
1019.81 -nan 1.25382 -nan
1020.01 -nan 1.25384 -nan
1020.2 -nan 1.25385 -nan
1020.39 -nan 1.25386 -nan
1020.58 -nan 1.25387 -nan
1020.77 -nan 1.25389 -nan
1020.97 -nan 1.2539 -nan
1021.16 -nan 1.25391 -nan
1021.35 -nan 1.25392 -nan
1021.54 -nan 1.25394 -nan
1021.74 -nan 1.25395 -nan
1021.93 -nan 1.25396 -nan
1022.12 -nan 1.25398 -nan
1022.31 -nan 1.25399 -nan
1022.5 -nan 1.254 -nan
1022.7 -nan 1.25401 -nan
1022.89 -nan 1.25402 -nan
1023.08 -nan 1.25404 -nan
1023.27 -nan 1.25405 -nan
1023.47 -nan 1.25406 -nan
1023.66 -nan 1.25407 -nan
1023.85 -nan 1.25409 -nan
1024.04 -nan 1.2541 -nan
1024.23 -nan 1.25411 -nan
1024.43 -nan 1.25412 -nan
1024.62 -nan 1.25414 -nan
1024.81 -nan 1.25415 -nan
1025 -nan 1.25416 -nan
1025.19 -nan 1.25417 -nan
1025.39 -nan 1.25419 -nan
1025.58 -nan 1.2542 -nan
1025.77 -nan 1.25421 -nan
1025.96 -nan 1.25422 -nan
1026.16 -nan 1.25424 -nan
1026.35 -nan 1.25425 -nan
1026.54 -nan 1.25426 -nan
1026.73 -nan 1.25428 -nan
1026.92 -nan 1.25429 -nan
1027.12 -nan 1.2543 -nan
1027.31 -nan 1.25431 -nan
1027.5 -nan 1.25433 -nan
1027.69 -nan 1.25434 -nan
1027.89 -nan 1.25435 -nan
1028.08 -nan 1.25436 -nan
1028.27 -nan 1.25437 -nan
1028.46 -nan 1.25439 -nan
1028.65 -nan 1.2544 -nan
1028.85 -nan 1.25441 -nan
1029.04 -nan 1.25442 -nan
1029.23 -nan 1.25444 -nan
1029.42 -nan 1.25445 -nan
1029.62 -nan 1.25446 -nan
1029.81 -nan 1.25447 -nan
1030 -nan 1.25449 -nan
1030.19 -nan 1.2545 -nan
1030.38 -nan 1.25451 -nan
1030.58 -nan 1.25452 -nan
1030.77 -nan 1.25454 -nan
1030.96 -nan 1.25455 -nan
1031.15 -nan 1.25456 -nan
1031.35 -nan 1.25457 -nan
1031.54 -nan 1.25459 -nan
1031.73 -nan 1.2546 -nan
1031.92 -nan 1.25461 -nan
1032.11 -nan 1.25462 -nan
1032.31 -nan 1.25464 -nan
1032.5 -nan 1.25465 -nan
1032.69 -nan 1.25466 -nan
1032.88 -nan 1.25467 -nan
1033.08 -nan 1.25469 -nan
1033.27 -nan 1.2547 -nan
1033.46 -nan 1.25471 -nan
1033.65 -nan 1.25472 -nan
1033.84 -nan 1.25474 -nan
1034.04 -nan 1.25475 -nan
1034.23 -nan 1.25476 -nan
1034.42 -nan 1.25477 -nan
1034.61 -nan 1.25479 -nan
1034.8 -nan 1.2548 -nan
1035 -nan 1.25481 -nan
1035.19 -nan 1.25482 -nan
1035.38 -nan 1.25484 -nan
1035.57 -nan 1.25485 -nan
1035.77 -nan 1.25486 -nan
1035.96 -nan 1.25487 -nan
1036.15 -nan 1.25489 -nan
1036.34 -nan 1.2549 -nan
1036.53 -nan 1.25491 -nan
1036.73 -nan 1.25492 -nan
1036.92 -nan 1.25494 -nan
1037.11 -nan 1.25495 -nan
1037.3 -nan 1.25496 -nan
1037.5 -nan 1.25497 -nan
1037.69 -nan 1.25499 -nan
1037.88 -nan 1.255 -nan
1038.07 -nan 1.25501 -nan
1038.26 -nan 1.25502 -nan
1038.46 -nan 1.25504 -nan
1038.65 -nan 1.25505 -nan
1038.84 -nan 1.25506 -nan
1039.03 -nan 1.25507 -nan
1039.23 -nan 1.25509 -nan
1039.42 -nan 1.2551 -nan
1039.61 -nan 1.25511 -nan
1039.8 -nan 1.25513 -nan
1039.99 -nan 1.25514 -nan
1040.19 -nan 1.25515 -nan
1040.38 -nan 1.25516 -nan
1040.57 -nan 1.25517 -nan
1040.76 -nan 1.25519 -nan
1040.96 -nan 1.2552 -nan
1041.15 -nan 1.25521 -nan
1041.34 -nan 1.25522 -nan
1041.53 -nan 1.25524 -nan
1041.72 -nan 1.25525 -nan
1041.92 -nan 1.25526 -nan
1042.11 -nan 1.25527 -nan
1042.3 -nan 1.25529 -nan
1042.49 -nan 1.2553 -nan
1042.68 -nan 1.25531 -nan
1042.88 -nan 1.25533 -nan
1043.07 -nan 1.25534 -nan
1043.26 -nan 1.25535 -nan
1043.45 -nan 1.25536 -nan
1043.65 -nan 1.25537 -nan
1043.84 -nan 1.25539 -nan
1044.03 -nan 1.2554 -nan
1044.22 -nan 1.25541 -nan
1044.41 -nan 1.25543 -nan
1044.61 -nan 1.25544 -nan
1044.8 -nan 1.25545 -nan
1044.99 -nan 1.25546 -nan
1045.18 -nan 1.25547 -nan
1045.38 -nan 1.25549 -nan
1045.57 -nan 1.2555 -nan
1045.76 -nan 1.25551 -nan
1045.95 -nan 1.25552 -nan
1046.14 -nan 1.25554 -nan
1046.34 -nan 1.25555 -nan
1046.53 -nan 1.25556 -nan
1046.72 -nan 1.25557 -nan
1046.91 -nan 1.25559 -nan
1047.11 -nan 1.2556 -nan
1047.3 -nan 1.25561 -nan
1047.49 -nan 1.25562 -nan
1047.68 -nan 1.25564 -nan
1047.87 -nan 1.25565 -nan
1048.07 -nan 1.25566 -nan
1048.26 -nan 1.25568 -nan
1048.45 -nan 1.25569 -nan
1048.64 -nan 1.2557 -nan
1048.84 -nan 1.25571 -nan
1049.03 -nan 1.25572 -nan
1049.22 -nan 1.25574 -nan
1049.41 -nan 1.25575 -nan
1049.6 -nan 1.25576 -nan
1049.8 -nan 1.25577 -nan
1049.99 -nan 1.25579 -nan
1050.18 -nan 1.2558 -nan
1050.37 -nan 1.25581 -nan
1050.57 -nan 1.25582 -nan
1050.76 -nan 1.25584 -nan
1050.95 -nan 1.25585 -nan
1051.14 -nan 1.25586 -nan
1051.33 -nan 1.25587 -nan
1051.53 -nan 1.25589 -nan
1051.72 -nan 1.2559 -nan
1051.91 -nan 1.25591 -nan
1052.1 -nan 1.25592 -nan
1052.3 -nan 1.25594 -nan
1052.49 -nan 1.25595 -nan
1052.68 -nan 1.25596 -nan
1052.87 -nan 1.25597 -nan
1053.06 -nan 1.25599 -nan
1053.26 -nan 1.256 -nan
1053.45 -nan 1.25601 -nan
1053.64 -nan 1.25602 -nan
1053.83 -nan 1.25604 -nan
1054.02 -nan 1.25605 -nan
1054.22 -nan 1.25606 -nan
1054.41 -nan 1.25607 -nan
1054.6 -nan 1.25609 -nan
1054.79 -nan 1.2561 -nan
1054.99 -nan 1.25611 -nan
1055.18 -nan 1.25612 -nan
1055.37 -nan 1.25614 -nan
1055.56 -nan 1.25615 -nan
1055.75 -nan 1.25616 -nan
1055.95 -nan 1.25617 -nan
1056.14 -nan 1.25619 -nan
1056.33 -nan 1.2562 -nan
1056.52 -nan 1.25621 -nan
1056.72 -nan 1.25622 -nan
1056.91 -nan 1.25624 -nan
