768.8 -12650.6 1.2375 -12650.6
769.184 -12613.5 1.23757 -12613.5
769.569 -12576.3 1.23765 -12576.3
769.953 -12539.2 1.23772 -12539.2
770.338 -12502.2 1.2378 -12502.2
770.722 -12465.1 1.23787 -12465.1
771.106 -12428.1 1.23795 -12428.1
771.491 -12391.1 1.23802 -12391.1
771.875 -12354.1 1.2381 -12354.1
772.26 -12317.2 1.23818 -12317.2
772.644 -12280.3 1.23825 -12280.3
773.028 -12243.4 1.23832 -12243.4
773.413 -12206.5 1.2384 -12206.5
773.797 -12169.7 1.23847 -12169.7
774.182 -12132.9 1.23855 -12132.9
774.566 -12096.1 1.23863 -12096.1
774.95 -12059.4 1.2387 -12059.4
775.335 -12022.6 1.23877 -12022.6
775.719 -11985.9 1.23885 -11985.9
776.104 -11949.3 1.23893 -11949.3
776.488 -11912.6 1.239 -11912.6
776.872 -11876 1.23908 -11876
777.257 -11839.4 1.23915 -11839.4
777.641 -11802.9 1.23923 -11802.9
778.026 -11766.4 1.2393 -11766.4
778.41 -11729.9 1.23938 -11729.9
778.794 -11693.4 1.23945 -11693.4
779.179 -11656.9 1.23952 -11656.9
779.563 -11620.5 1.2396 -11620.5
779.948 -11584.1 1.23967 -11584.1
780.332 -11547.8 1.23975 -11547.8
780.716 -11511.4 1.23982 -11511.4
781.101 -11475.1 1.2399 -11475.1
781.485 -11438.9 1.23998 -11438.9
781.87 -11402.6 1.24005 -11402.6
782.254 -11366.4 1.24012 -11366.4
782.638 -11330.2 1.2402 -11330.2
783.023 -11294 1.24028 -11294
783.407 -11257.9 1.24035 -11257.9
783.792 -11221.8 1.24043 -11221.8
784.176 -11185.7 1.2405 -11185.7
784.56 -11149.7 1.24057 -11149.7
784.945 -11113.7 1.24065 -11113.7
785.329 -11077.7 1.24073 -11077.7
785.714 -11041.7 1.2408 -11041.7
786.098 -11005.8 1.24087 -11005.8
786.482 -10969.9 1.24095 -10969.9
786.867 -10934 1.24103 -10934
787.251 -10898.2 1.2411 -10898.2
787.636 -10862.3 1.24118 -10862.3
788.02 -10826.6 1.24125 -10826.6
788.404 -10790.8 1.24133 -10790.8
788.789 -10755.1 1.2414 -10755.1
789.173 -10719.4 1.24147 -10719.4
789.558 -10683.7 1.24155 -10683.7
789.942 -10648.1 1.24162 -10648.1
790.326 -10612.5 1.2417 -10612.5
790.711 -10576.9 1.24178 -10576.9
791.095 -10541.4 1.24185 -10541.4
791.48 -10505.8 1.24192 -10505.8
791.864 -10470.3 1.242 -10470.3
792.248 -10434.9 1.24208 -10434.9
792.633 -10399.5 1.24215 -10399.5
793.017 -10364.1 1.24222 -10364.1
793.402 -10328.7 1.2423 -10328.7
793.786 -10293.4 1.24238 -10293.4
794.17 -10258.1 1.24245 -10258.1
794.555 -10222.8 1.24253 -10222.8
794.939 -10187.5 1.2426 -10187.5
795.324 -10152.3 1.24267 -10152.3
795.708 -10117.1 1.24275 -10117.1
796.092 -10082 1.24283 -10082
796.477 -10046.9 1.2429 -10046.9
796.861 -10011.8 1.24297 -10011.8
797.246 -9976.71 1.24305 -9976.71
797.63 -9941.68 1.24313 -9941.68
798.014 -9906.68 1.2432 -9906.68
798.399 -9871.72 1.24327 -9871.72
798.783 -9836.78 1.24335 -9836.78
799.168 -9801.88 1.24343 -9801.88
799.552 -9767 1.2435 -9767
799.936 -9732.16 1.24357 -9732.16
800.321 -9697.35 1.24365 -9697.35
800.705 -9662.57 1.24372 -9662.57
801.09 -9627.83 1.2438 -9627.83
801.474 -9593.11 1.24388 -9593.11
801.858 -9558.43 1.24395 -9558.43
802.243 -9523.77 1.24402 -9523.77
802.627 -9489.15 1.2441 -9489.15
803.012 -9454.57 1.24418 -9454.57
803.396 -9420.01 1.24425 -9420.01
803.78 -9385.49 1.24432 -9385.49
804.165 -9351 1.2444 -9351
804.549 -9316.54 1.24447 -9316.54
804.934 -9282.11 1.24455 -9282.11
805.318 -9247.72 1.24463 -9247.72
805.702 -9213.35 1.2447 -9213.35
806.087 -9179.02 1.24477 -9179.02
806.471 -9144.73 1.24485 -9144.73
806.856 -9110.46 1.24493 -9110.46
807.24 -9076.23 1.245 -9076.23
807.624 -9042.04 1.24507 -9042.04
808.009 -9007.87 1.24515 -9007.87
808.393 -8973.74 1.24523 -8973.74
808.778 -8939.64 1.2453 -8939.64
809.162 -8905.58 1.24537 -8905.58
809.546 -8871.54 1.24545 -8871.54
809.931 -8837.54 1.24552 -8837.54
810.315 -8803.58 1.2456 -8803.58
810.7 -8769.65 1.24567 -8769.65
811.084 -8735.75 1.24575 -8735.75
811.468 -8701.89 1.24582 -8701.89
811.853 -8668.06 1.2459 -8668.06
812.237 -8634.26 1.24598 -8634.26
812.622 -8600.5 1.24605 -8600.5
813.006 -8566.77 1.24612 -8566.77
813.39 -8533.07 1.2462 -8533.07
813.775 -8499.41 1.24628 -8499.41
814.159 -8465.79 1.24635 -8465.79
814.544 -8432.2 1.24643 -8432.2
814.928 -8398.64 1.2465 -8398.64
815.312 -8365.12 1.24657 -8365.12
815.697 -8331.63 1.24665 -8331.63
816.081 -8298.18 1.24673 -8298.18
816.466 -8264.76 1.2468 -8264.76
816.85 -8231.38 1.24688 -8231.38
817.234 -8198.03 1.24695 -8198.03
817.619 -8164.72 1.24702 -8164.72
818.003 -8131.44 1.2471 -8131.44
818.388 -8098.2 1.24717 -8098.2
818.772 -8064.99 1.24725 -8064.99
819.156 -8031.82 1.24733 -8031.82
819.541 -7998.68 1.2474 -7998.68
819.925 -7965.58 1.24747 -7965.58
820.31 -7932.52 1.24755 -7932.52
820.694 -7899.49 1.24762 -7899.49
821.078 -7866.5 1.2477 -7866.5
821.463 -7833.54 1.24778 -7833.54
821.847 -7800.62 1.24785 -7800.62
822.232 -7767.74 1.24792 -7767.74
822.616 -7734.89 1.248 -7734.89
823 -7702.08 1.24808 -7702.08
823.385 -7669.3 1.24815 -7669.3
823.769 -7636.56 1.24823 -7636.56
824.154 -7603.86 1.2483 -7603.86
824.538 -7571.2 1.24838 -7571.2
824.922 -7538.57 1.24845 -7538.57
825.307 -7505.98 1.24853 -7505.98
825.691 -7473.43 1.2486 -7473.43
826.076 -7440.91 1.24867 -7440.91
826.46 -7408.43 1.24875 -7408.43
826.844 -7375.99 1.24882 -7375.99
827.229 -7343.59 1.2489 -7343.59
827.613 -7311.22 1.24897 -7311.22
827.998 -7278.89 1.24905 -7278.89
828.382 -7246.6 1.24913 -7246.6
828.766 -7214.35 1.2492 -7214.35
829.151 -7182.14 1.24927 -7182.14
829.535 -7149.96 1.24935 -7149.96
829.92 -7117.82 1.24943 -7117.82
830.304 -7085.72 1.2495 -7085.72
830.688 -7053.66 1.24958 -7053.66
831.073 -7021.64 1.24965 -7021.64
831.457 -6989.66 1.24972 -6989.66
831.842 -6957.71 1.2498 -6957.71
832.226 -6925.8 1.24988 -6925.8
832.61 -6893.94 1.24995 -6893.94
832.995 -6862.11 1.25002 -6862.11
833.379 -6830.32 1.2501 -6830.32
833.764 -6798.57 1.25018 -6798.57
834.148 -6766.86 1.25025 -6766.86
834.532 -6735.2 1.25032 -6735.2
834.917 -6703.57 1.2504 -6703.57
835.301 -6671.98 1.25048 -6671.98
835.686 -6640.43 1.25055 -6640.43
836.07 -6608.92 1.25062 -6608.92
836.454 -6577.45 1.2507 -6577.45
836.839 -6546.02 1.25077 -6546.02
837.223 -6514.63 1.25085 -6514.63
837.608 -6483.28 1.25093 -6483.28
837.992 -6451.97 1.251 -6451.97
838.376 -6420.71 1.25108 -6420.71
838.761 -6389.48 1.25115 -6389.48
839.145 -6358.3 1.25123 -6358.3
839.53 -6327.15 1.2513 -6327.15
839.914 -6296.05 1.25138 -6296.05
840.298 -6264.99 1.25145 -6264.99
840.683 -6233.97 1.25152 -6233.97
841.067 -6203 1.2516 -6203
841.452 -6172.06 1.25167 -6172.06
841.836 -6141.17 1.25175 -6141.17
842.22 -6110.32 1.25182 -6110.32
842.605 -6079.51 1.2519 -6079.51
842.989 -6048.74 1.25197 -6048.74
843.374 -6018.02 1.25205 -6018.02
843.758 -5987.34 1.25212 -5987.34
844.142 -5956.7 1.2522 -5956.7
844.527 -5926.1 1.25228 -5926.1
844.911 -5895.55 1.25235 -5895.55
845.296 -5865.04 1.25243 -5865.04
845.68 -5834.58 1.2525 -5834.58
846.064 -5804.15 1.25257 -5804.15
846.449 -5773.77 1.25265 -5773.77
846.833 -5743.44 1.25273 -5743.44
847.218 -5713.15 1.2528 -5713.15
847.602 -5682.9 1.25287 -5682.9
847.986 -5652.7 1.25295 -5652.7
848.371 -5622.54 1.25303 -5622.54
848.755 -5592.43 1.2531 -5592.43
849.14 -5562.36 1.25317 -5562.36
849.524 -5532.33 1.25325 -5532.33
849.908 -5502.35 1.25333 -5502.35
850.293 -5472.42 1.2534 -5472.42
850.677 -5442.53 1.25347 -5442.53
851.062 -5412.69 1.25355 -5412.69
851.446 -5382.89 1.25362 -5382.89
851.83 -5353.14 1.2537 -5353.14
852.215 -5323.43 1.25378 -5323.43
852.599 -5293.77 1.25385 -5293.77
852.984 -5264.16 1.25392 -5264.16
853.368 -5234.59 1.254 -5234.59
853.752 -5205.07 1.25408 -5205.07
854.137 -5175.59 1.25415 -5175.59
854.521 -5146.16 1.25422 -5146.16
854.906 -5116.78 1.2543 -5116.78
855.29 -5087.45 1.25438 -5087.45
855.674 -5058.16 1.25445 -5058.16
856.059 -5028.92 1.25452 -5028.92
856.443 -4999.73 1.2546 -4999.73
856.828 -4970.59 1.25468 -4970.59
857.212 -4941.49 1.25475 -4941.49
857.596 -4912.44 1.25482 -4912.44
857.981 -4883.44 1.2549 -4883.44
858.365 -4854.49 1.25498 -4854.49
858.75 -4825.59 1.25505 -4825.59
859.134 -4796.74 1.25513 -4796.74
859.518 -4767.93 1.2552 -4767.93
859.903 -4739.18 1.25528 -4739.18
860.287 -4710.47 1.25535 -4710.47
860.672 -4681.82 1.25543 -4681.82
861.056 -4653.21 1.2555 -4653.21
861.44 -4624.65 1.25557 -4624.65
861.825 -4596.15 1.25565 -4596.15
862.209 -4567.69 1.25572 -4567.69
862.594 -4539.29 1.2558 -4539.29
862.978 -4510.93 1.25587 -4510.93
863.362 -4482.63 1.25595 -4482.63
863.747 -4454.37 1.25603 -4454.37
864.131 -4426.17 1.2561 -4426.17
864.516 -4398.02 1.25617 -4398.02
864.9 -4369.92 1.25625 -4369.92
865.284 -4341.88 1.25633 -4341.88
865.669 -4313.88 1.2564 -4313.88
866.053 -4285.94 1.25648 -4285.94
866.438 -4258.05 1.25655 -4258.05
866.822 -4230.21 1.25663 -4230.21
867.206 -4202.43 1.2567 -4202.43
867.591 -4174.7 1.25677 -4174.7
867.975 -4147.02 1.25685 -4147.02
868.36 -4119.39 1.25693 -4119.39
868.744 -4091.82 1.257 -4091.82
869.128 -4064.31 1.25707 -4064.31
869.513 -4036.84 1.25715 -4036.84
869.897 -4009.43 1.25722 -4009.43
870.282 -3982.08 1.2573 -3982.08
870.666 -3954.78 1.25738 -3954.78
871.05 -3927.54 1.25745 -3927.54
871.435 -3900.35 1.25752 -3900.35
871.819 -3873.21 1.2576 -3873.21
872.204 -3846.14 1.25768 -3846.14
872.588 -3819.11 1.25775 -3819.11
872.972 -3792.15 1.25782 -3792.15
873.357 -3765.24 1.2579 -3765.24
873.741 -3738.38 1.25798 -3738.38
874.126 -3711.59 1.25805 -3711.59
874.51 -3684.85 1.25812 -3684.85
874.894 -3658.17 1.2582 -3658.17
875.279 -3631.54 1.25828 -3631.54
875.663 -3604.98 1.25835 -3604.98
876.048 -3578.47 1.25842 -3578.47
876.432 -3552.02 1.2585 -3552.02
876.816 -3525.62 1.25857 -3525.62
877.201 -3499.29 1.25865 -3499.29
877.585 -3473.02 1.25873 -3473.02
877.97 -3446.8 1.2588 -3446.8
878.354 -3420.65 1.25888 -3420.65
878.738 -3394.55 1.25895 -3394.55
879.123 -3368.51 1.25903 -3368.51
879.507 -3342.54 1.2591 -3342.54
879.892 -3316.62 1.25917 -3316.62
880.276 -3290.77 1.25925 -3290.77
880.66 -3264.98 1.25933 -3264.98
881.045 -3239.25 1.2594 -3239.25
881.429 -3213.58 1.25947 -3213.58
881.814 -3187.97 1.25955 -3187.97
882.198 -3162.42 1.25962 -3162.42
882.582 -3136.94 1.2597 -3136.94
882.967 -3111.52 1.25977 -3111.52
883.351 -3086.16 1.25985 -3086.16
883.736 -3060.87 1.25992 -3060.87
884.12 -3035.64 1.26 -3035.64
884.504 -3010.47 1.26008 -3010.47
884.889 -2985.37 1.26015 -2985.37
885.273 -2960.33 1.26023 -2960.33
885.658 -2935.36 1.2603 -2935.36
886.042 -2910.45 1.26038 -2910.45
886.426 -2885.61 1.26045 -2885.61
886.811 -2860.83 1.26053 -2860.83
887.195 -2836.12 1.2606 -2836.12
887.58 -2811.48 1.26067 -2811.48
887.964 -2786.9 1.26075 -2786.9
888.348 -2762.39 1.26083 -2762.39
888.733 -2737.95 1.2609 -2737.95
889.117 -2713.57 1.26097 -2713.57
889.502 -2689.27 1.26105 -2689.27
889.886 -2665.03 1.26112 -2665.03
890.27 -2640.86 1.2612 -2640.86
890.655 -2616.75 1.26127 -2616.75
891.039 -2592.72 1.26135 -2592.72
891.424 -2568.76 1.26143 -2568.76
891.808 -2544.87 1.2615 -2544.87
892.192 -2521.04 1.26158 -2521.04
892.577 -2497.29 1.26165 -2497.29
892.961 -2473.61 1.26172 -2473.61
893.346 -2450 1.2618 -2450
893.73 -2426.47 1.26188 -2426.47
894.114 -2403 1.26195 -2403
894.499 -2379.61 1.26202 -2379.61
894.883 -2356.29 1.2621 -2356.29
895.268 -2333.04 1.26218 -2333.04
895.652 -2309.87 1.26225 -2309.87
896.036 -2286.77 1.26232 -2286.77
896.421 -2263.75 1.2624 -2263.75
896.805 -2240.8 1.26248 -2240.8
897.19 -2217.93 1.26255 -2217.93
897.574 -2195.13 1.26262 -2195.13
897.958 -2172.41 1.2627 -2172.41
898.343 -2149.76 1.26277 -2149.76
898.727 -2127.19 1.26285 -2127.19
899.112 -2104.7 1.26293 -2104.7
899.496 -2082.28 1.263 -2082.28
899.88 -2059.95 1.26307 -2059.95
900.265 -2037.69 1.26315 -2037.69
900.649 -2015.51 1.26323 -2015.51
901.034 -1993.41 1.2633 -1993.41
901.418 -1971.39 1.26337 -1971.39
901.802 -1949.45 1.26345 -1949.45
902.187 -1927.6 1.26353 -1927.6
902.571 -1905.82 1.2636 -1905.82
902.956 -1884.12 1.26367 -1884.12
903.34 -1862.51 1.26375 -1862.51
903.724 -1840.98 1.26383 -1840.98
904.109 -1819.53 1.2639 -1819.53
904.493 -1798.17 1.26397 -1798.17
904.878 -1776.89 1.26405 -1776.89
905.262 -1755.69 1.26413 -1755.69
905.646 -1734.58 1.2642 -1734.58
906.031 -1713.56 1.26428 -1713.56
906.415 -1692.62 1.26435 -1692.62
906.8 -1671.76 1.26443 -1671.76
907.184 -1651 1.2645 -1651
907.568 -1630.32 1.26458 -1630.32
907.953 -1609.73 1.26465 -1609.73
908.337 -1589.23 1.26472 -1589.23
908.722 -1568.82 1.2648 -1568.82
909.106 -1548.49 1.26487 -1548.49
909.49 -1528.26 1.26495 -1528.26
909.875 -1508.12 1.26502 -1508.12
910.259 -1488.07 1.2651 -1488.07
910.644 -1468.11 1.26518 -1468.11
911.028 -1448.25 1.26525 -1448.25
911.412 -1428.47 1.26532 -1428.47
911.797 -1408.79 1.2654 -1408.79
912.181 -1389.21 1.26548 -1389.21
912.566 -1369.72 1.26555 -1369.72
912.95 -1350.33 1.26562 -1350.33
913.334 -1331.03 1.2657 -1331.03
913.719 -1311.82 1.26578 -1311.82
914.103 -1292.72 1.26585 -1292.72
914.488 -1273.71 1.26592 -1273.71
914.872 -1254.81 1.266 -1254.81
915.256 -1236 1.26608 -1236
915.641 -1217.29 1.26615 -1217.29
916.025 -1198.68 1.26622 -1198.68
916.41 -1180.17 1.2663 -1180.17
916.794 -1161.77 1.26638 -1161.77
917.178 -1143.47 1.26645 -1143.47
917.563 -1125.27 1.26653 -1125.27
917.947 -1107.17 1.2666 -1107.17
918.332 -1089.18 1.26667 -1089.18
918.716 -1071.3 1.26675 -1071.3
919.1 -1053.52 1.26683 -1053.52
919.485 -1035.85 1.2669 -1035.85
919.869 -1018.28 1.26697 -1018.28
920.254 -1000.83 1.26705 -1000.83
920.638 -983.482 1.26713 -983.482
921.022 -966.246 1.2672 -966.246
921.407 -949.12 1.26727 -949.12
921.791 -932.107 1.26735 -932.107
922.176 -915.205 1.26743 -915.205
922.56 -898.417 1.2675 -898.417
922.944 -881.743 1.26757 -881.743
923.329 -865.184 1.26765 -865.184
923.713 -848.741 1.26772 -848.741
924.098 -832.414 1.2678 -832.414
924.482 -816.205 1.26788 -816.205
924.866 -800.114 1.26795 -800.114
925.251 -784.143 1.26803 -784.143
925.635 -768.292 1.2681 -768.292
926.02 -752.562 1.26818 -752.562
926.404 -736.954 1.26825 -736.954
926.788 -721.469 1.26833 -721.469
927.173 -706.108 1.2684 -706.108
927.557 -690.872 1.26848 -690.872
927.942 -675.762 1.26855 -675.762
928.326 -660.779 1.26862 -660.779
928.71 -645.924 1.2687 -645.924
929.095 -631.198 1.26877 -631.198
929.479 -616.602 1.26885 -616.602
929.864 -602.138 1.26892 -602.138
930.248 -587.805 1.269 -587.805
930.632 -573.606 1.26907 -573.606
931.017 -559.541 1.26915 -559.541
931.401 -545.612 1.26923 -545.612
931.786 -531.819 1.2693 -531.819
932.17 -518.164 1.26938 -518.164
932.554 -504.649 1.26945 -504.649
932.939 -491.273 1.26953 -491.273
933.323 -478.039 1.2696 -478.039
933.708 -464.948 1.26968 -464.948
934.092 -452 1.26975 -452
934.476 -439.198 1.26982 -439.198
934.861 -426.542 1.2699 -426.542
935.245 -414.034 1.26998 -414.034
935.63 -401.675 1.27005 -401.675
936.014 -389.467 1.27012 -389.467
936.398 -377.41 1.2702 -377.41
936.783 -365.506 1.27028 -365.506
937.167 -353.758 1.27035 -353.758
937.552 -342.165 1.27042 -342.165
937.936 -330.73 1.2705 -330.73
938.32 -319.453 1.27058 -319.453
938.705 -308.338 1.27065 -308.338
939.089 -297.384 1.27073 -297.384
939.474 -286.594 1.2708 -286.594
939.858 -275.969 1.27087 -275.969
940.242 -265.511 1.27095 -265.511
940.627 -255.221 1.27103 -255.221
941.011 -245.102 1.2711 -245.102
941.396 -235.154 1.27117 -235.154
941.78 -225.38 1.27125 -225.38
942.164 -215.782 1.27133 -215.782
942.549 -206.36 1.2714 -206.36
942.933 -197.117 1.27147 -197.117
943.318 -188.055 1.27155 -188.055
943.702 -179.176 1.27163 -179.176
944.086 -170.481 1.2717 -170.481
944.471 -161.973 1.27177 -161.973
944.855 -153.653 1.27185 -153.653
945.24 -145.524 1.27193 -145.524
945.624 -137.588 1.272 -137.588
946.008 -129.846 1.27208 -129.846
946.393 -122.301 1.27215 -122.301
946.777 -114.955 1.27223 -114.955
947.162 -107.81 1.2723 -107.81
947.546 -100.869 1.27238 -100.869
947.93 -94.1338 1.27245 -94.1338
948.315 -87.6067 1.27252 -87.6067
948.699 -81.2902 1.2726 -81.2902
949.084 -75.1868 1.27268 -75.1868
949.468 -69.299 1.27275 -69.299
949.852 -63.6293 1.27282 -63.6293
950.237 -58.1803 1.2729 -58.1803
950.621 -52.9547 1.27298 -52.9547
951.006 -47.9552 1.27305 -47.9552
951.39 -43.1846 1.27312 -43.1846
951.774 -38.6457 1.2732 -38.6457
952.159 -34.3415 1.27328 -34.3415
952.543 -30.2747 1.27335 -30.2747
952.928 -26.4486 1.27343 -26.4486
953.312 -22.8661 1.2735 -22.8661
953.696 -19.5304 1.27358 -19.5304
954.081 -16.4447 1.27365 -16.4447
954.465 -13.6124 1.27372 -13.6124
954.85 -11.0368 1.2738 -11.0368
955.234 -8.72131 1.27388 -8.72131
955.618 -6.66949 1.27395 -6.66949
956.003 -4.88495 1.27402 -4.88495
956.387 -3.37139 1.2741 -3.37139
956.772 -2.13257 1.27417 -2.13257
957.156 -1.17238 1.27425 -1.17238
957.54 -0.494781 1.27433 -0.494781
957.925 -0.103831 1.2744 -0.103831
958.309 -0.00369603 1.27447 -0.00369603
958.694 -0.198642 1.27455 -0.198642
959.078 -0.693042 1.27463 -0.693042
959.462 -1.49138 1.2747 -1.49138
959.847 -2.59826 1.27477 -2.59826
960.231 -4.01841 1.27485 -4.01841
960.616 -5.75665 1.27493 -5.75665
961 -7.81798 1.275 -7.81798
961.384 -10.2075 1.27507 -10.2075
961.769 -12.9304 1.27515 -12.9304
962.153 -15.9922 1.27523 -15.9922
962.538 -19.3983 1.2753 -19.3983
962.922 -23.1544 1.27537 -23.1544
963.306 -27.2664 1.27545 -27.2664
963.691 -31.7404 1.27553 -31.7404
964.075 -36.5825 1.2756 -36.5825
964.46 -41.799 1.27568 -41.799
964.844 -47.3966 1.27575 -47.3966
965.228 -53.382 1.27583 -53.382
965.613 -59.7623 1.2759 -59.7623
965.997 -66.5444 1.27598 -66.5444
966.382 -73.736 1.27605 -73.736
966.766 -81.3445 1.27612 -81.3445
967.15 -89.378 1.2762 -89.378
967.535 -97.8445 1.27628 -97.8445
967.919 -106.752 1.27635 -106.752
968.304 -116.11 1.27642 -116.11
968.688 -125.928 1.2765 -125.928
969.072 -136.213 1.27658 -136.213
969.457 -146.977 1.27665 -146.977
969.841 -158.228 1.27672 -158.228
970.226 -169.978 1.2768 -169.978
970.61 -182.236 1.27687 -182.236
970.994 -195.015 1.27695 -195.015
971.379 -208.325 1.27703 -208.325
971.763 -222.178 1.2771 -222.178
972.148 -236.587 1.27718 -236.587
972.532 -251.564 1.27725 -251.564
972.916 -267.123 1.27733 -267.123
973.301 -283.278 1.2774 -283.278
973.685 -300.043 1.27748 -300.043
974.07 -317.433 1.27755 -317.433
974.454 -335.464 1.27763 -335.464
974.838 -354.152 1.2777 -354.152
975.223 -373.514 1.27777 -373.514
975.607 -393.568 1.27785 -393.568
975.992 -414.333 1.27792 -414.333
976.376 -435.829 1.278 -435.829
976.76 -458.074 1.27807 -458.074
977.145 -481.092 1.27815 -481.092
977.529 -504.903 1.27822 -504.903
977.914 -529.533 1.2783 -529.533
978.298 -555.005 1.27838 -555.005
978.682 -581.345 1.27845 -581.345
979.067 -608.581 1.27853 -608.581
979.451 -636.742 1.2786 -636.742
979.836 -665.858 1.27868 -665.858
980.22 -695.961 1.27875 -695.961
980.604 -727.085 1.27883 -727.085
980.989 -759.266 1.2789 -759.266
981.373 -792.543 1.27897 -792.543
981.758 -826.955 1.27905 -826.955
982.142 -862.546 1.27913 -862.546
982.526 -899.361 1.2792 -899.361
982.911 -937.451 1.27927 -937.451
983.295 -976.866 1.27935 -976.866
983.68 -1017.66 1.27943 -1017.66
984.064 -1059.9 1.2795 -1059.9
984.448 -1103.65 1.27957 -1103.65
984.833 -1148.97 1.27965 -1148.97
985.217 -1195.95 1.27973 -1195.95
985.602 -1244.65 1.2798 -1244.65
985.986 -1295.18 1.27988 -1295.18
986.37 -1347.63 1.27995 -1347.63
986.755 -1402.09 1.28002 -1402.09
987.139 -1458.7 1.2801 -1458.7
987.524 -1517.56 1.28018 -1517.56
987.908 -1578.83 1.28025 -1578.83
988.292 -1642.65 1.28032 -1642.65
988.677 -1709.2 1.2804 -1709.2
989.061 -1778.67 1.28048 -1778.67
989.446 -1851.27 1.28055 -1851.27
989.83 -1927.24 1.28062 -1927.24
990.214 -2006.86 1.2807 -2006.86
990.599 -2090.45 1.28078 -2090.45
990.983 -2178.36 1.28085 -2178.36
991.368 -2271.01 1.28092 -2271.01
991.752 -2368.91 1.281 -2368.91
992.136 -2472.65 1.28108 -2472.65
992.521 -2582.91 1.28115 -2582.91
992.905 -2700.58 1.28123 -2700.58
993.29 -2826.71 1.2813 -2826.71
993.674 -2962.66 1.28138 -2962.66
994.058 -3110.2 1.28145 -3110.2
994.443 -3271.67 1.28153 -3271.67
994.827 -3450.38 1.2816 -3450.38
995.212 -3651.15 1.28167 -3651.15
995.596 -3881.6 1.28175 -3881.6
995.98 -4155.14 1.28182 -4155.14
996.365 -4499.9 1.2819 -4499.9
996.749 -5002.69 1.28197 -5002.69
997.134 -nan 1.28205 -nan
997.518 -nan 1.28213 -nan
997.902 -nan 1.2822 -nan
998.287 -nan 1.28227 -nan
998.671 -nan 1.28235 -nan
999.056 -nan 1.28243 -nan
999.44 -nan 1.2825 -nan
999.824 -nan 1.28258 -nan
1000.21 -nan 1.28265 -nan
1000.59 -nan 1.28273 -nan
1000.98 -nan 1.2828 -nan
1001.36 -nan 1.28287 -nan
1001.75 -nan 1.28295 -nan
1002.13 -nan 1.28303 -nan
1002.52 -nan 1.2831 -nan
1002.9 -nan 1.28317 -nan
1003.28 -nan 1.28325 -nan
1003.67 -nan 1.28333 -nan
1004.05 -nan 1.2834 -nan
1004.44 -nan 1.28348 -nan
1004.82 -nan 1.28355 -nan
1005.21 -nan 1.28362 -nan
1005.59 -nan 1.2837 -nan
1005.97 -nan 1.28378 -nan
1006.36 -nan 1.28385 -nan
1006.74 -nan 1.28392 -nan
1007.13 -nan 1.284 -nan
1007.51 -nan 1.28408 -nan
1007.9 -nan 1.28415 -nan
1008.28 -nan 1.28422 -nan
1008.67 -nan 1.2843 -nan
1009.05 -nan 1.28438 -nan
1009.43 -nan 1.28445 -nan
1009.82 -nan 1.28452 -nan
1010.2 -nan 1.2846 -nan
1010.59 -nan 1.28468 -nan
1010.97 -nan 1.28475 -nan
1011.36 -nan 1.28483 -nan
1011.74 -nan 1.2849 -nan
1012.13 -nan 1.28498 -nan
1012.51 -nan 1.28505 -nan
1012.89 -nan 1.28513 -nan
1013.28 -nan 1.2852 -nan
1013.66 -nan 1.28528 -nan
1014.05 -nan 1.28535 -nan
1014.43 -nan 1.28543 -nan
1014.82 -nan 1.2855 -nan
1015.2 -nan 1.28557 -nan
1015.58 -nan 1.28565 -nan
1015.97 -nan 1.28573 -nan
1016.35 -nan 1.2858 -nan
1016.74 -nan 1.28587 -nan
1017.12 -nan 1.28595 -nan
1017.51 -nan 1.28602 -nan
1017.89 -nan 1.2861 -nan
1018.28 -nan 1.28618 -nan
1018.66 -nan 1.28625 -nan
1019.04 -nan 1.28633 -nan
1019.43 -nan 1.2864 -nan
1019.81 -nan 1.28648 -nan
1020.2 -nan 1.28655 -nan
1020.58 -nan 1.28663 -nan
1020.97 -nan 1.2867 -nan
1021.35 -nan 1.28678 -nan
1021.74 -nan 1.28685 -nan
1022.12 -nan 1.28693 -nan
1022.5 -nan 1.287 -nan
1022.89 -nan 1.28707 -nan
1023.27 -nan 1.28715 -nan
1023.66 -nan 1.28723 -nan
1024.04 -nan 1.2873 -nan
1024.43 -nan 1.28737 -nan
1024.81 -nan 1.28745 -nan
1025.19 -nan 1.28753 -nan
1025.58 -nan 1.2876 -nan
1025.96 -nan 1.28768 -nan
1026.35 -nan 1.28775 -nan
1026.73 -nan 1.28782 -nan
1027.12 -nan 1.2879 -nan
1027.5 -nan 1.28798 -nan
1027.89 -nan 1.28805 -nan
1028.27 -nan 1.28812 -nan
1028.65 -nan 1.2882 -nan
1029.04 -nan 1.28828 -nan
1029.42 -nan 1.28835 -nan
1029.81 -nan 1.28842 -nan
1030.19 -nan 1.2885 -nan
1030.58 -nan 1.28858 -nan
1030.96 -nan 1.28865 -nan
1031.35 -nan 1.28872 -nan
1031.73 -nan 1.2888 -nan
1032.11 -nan 1.28888 -nan
1032.5 -nan 1.28895 -nan
1032.88 -nan 1.28903 -nan
1033.27 -nan 1.2891 -nan
1033.65 -nan 1.28917 -nan
1034.04 -nan 1.28925 -nan
1034.42 -nan 1.28933 -nan
1034.8 -nan 1.2894 -nan
1035.19 -nan 1.28947 -nan
1035.57 -nan 1.28955 -nan
1035.96 -nan 1.28963 -nan
1036.34 -nan 1.2897 -nan
1036.73 -nan 1.28977 -nan
1037.11 -nan 1.28985 -nan
1037.5 -nan 1.28993 -nan
1037.88 -nan 1.29 -nan
1038.26 -nan 1.29007 -nan
1038.65 -nan 1.29015 -nan
1039.03 -nan 1.29023 -nan
1039.42 -nan 1.2903 -nan
1039.8 -nan 1.29038 -nan
1040.19 -nan 1.29045 -nan
1040.57 -nan 1.29053 -nan
1040.96 -nan 1.2906 -nan
1041.34 -nan 1.29068 -nan
1041.72 -nan 1.29075 -nan
1042.11 -nan 1.29083 -nan
1042.49 -nan 1.2909 -nan
1042.88 -nan 1.29097 -nan
1043.26 -nan 1.29105 -nan
1043.65 -nan 1.29112 -nan
1044.03 -nan 1.2912 -nan
1044.41 -nan 1.29128 -nan
1044.8 -nan 1.29135 -nan
1045.18 -nan 1.29142 -nan
1045.57 -nan 1.2915 -nan
1045.95 -nan 1.29158 -nan
1046.34 -nan 1.29165 -nan
1046.72 -nan 1.29173 -nan
1047.11 -nan 1.2918 -nan
1047.49 -nan 1.29188 -nan
1047.87 -nan 1.29195 -nan
1048.26 -nan 1.29202 -nan
1048.64 -nan 1.2921 -nan
1049.03 -nan 1.29218 -nan
1049.41 -nan 1.29225 -nan
1049.8 -nan 1.29232 -nan
1050.18 -nan 1.2924 -nan
1050.57 -nan 1.29248 -nan
1050.95 -nan 1.29255 -nan
1051.33 -nan 1.29263 -nan
1051.72 -nan 1.2927 -nan
1052.1 -nan 1.29278 -nan
1052.49 -nan 1.29285 -nan
1052.87 -nan 1.29293 -nan
1053.26 -nan 1.293 -nan
1053.64 -nan 1.29307 -nan
1054.02 -nan 1.29315 -nan
1054.41 -nan 1.29323 -nan
1054.79 -nan 1.2933 -nan
1055.18 -nan 1.29337 -nan
1055.56 -nan 1.29345 -nan
1055.95 -nan 1.29353 -nan
1056.33 -nan 1.2936 -nan
1056.72 -nan 1.29367 -nan
1057.1 -nan 1.29375 -nan
1057.48 -nan 1.29383 -nan
1057.87 -nan 1.2939 -nan
1058.25 -nan 1.29398 -nan
1058.64 -nan 1.29405 -nan
1059.02 -nan 1.29413 -nan
1059.41 -nan 1.2942 -nan
1059.79 -nan 1.29428 -nan
1060.18 -nan 1.29435 -nan
1060.56 -nan 1.29443 -nan
1060.94 -nan 1.2945 -nan
1061.33 -nan 1.29458 -nan
1061.71 -nan 1.29465 -nan
1062.1 -nan 1.29472 -nan
1062.48 -nan 1.2948 -nan
1062.87 -nan 1.29487 -nan
1063.25 -nan 1.29495 -nan
1063.63 -nan 1.29502 -nan
1064.02 -nan 1.2951 -nan
1064.4 -nan 1.29517 -nan
1064.79 -nan 1.29525 -nan
1065.17 -nan 1.29533 -nan
1065.56 -nan 1.2954 -nan
1065.94 -nan 1.29548 -nan
1066.33 -nan 1.29555 -nan
1066.71 -nan 1.29563 -nan
1067.09 -nan 1.2957 -nan
1067.48 -nan 1.29578 -nan
1067.86 -nan 1.29585 -nan
1068.25 -nan 1.29592 -nan
1068.63 -nan 1.296 -nan
1069.02 -nan 1.29608 -nan
1069.4 -nan 1.29615 -nan
1069.79 -nan 1.29622 -nan
1070.17 -nan 1.2963 -nan
1070.55 -nan 1.29638 -nan
1070.94 -nan 1.29645 -nan
1071.32 -nan 1.29652 -nan
1071.71 -nan 1.2966 -nan
1072.09 -nan 1.29668 -nan
1072.48 -nan 1.29675 -nan
1072.86 -nan 1.29683 -nan
1073.24 -nan 1.2969 -nan
1073.63 -nan 1.29697 -nan
1074.01 -nan 1.29705 -nan
1074.4 -nan 1.29713 -nan
1074.78 -nan 1.2972 -nan
1075.17 -nan 1.29727 -nan
1075.55 -nan 1.29735 -nan
1075.94 -nan 1.29743 -nan
1076.32 -nan 1.2975 -nan
1076.7 -nan 1.29757 -nan
1077.09 -nan 1.29765 -nan
1077.47 -nan 1.29773 -nan
1077.86 -nan 1.2978 -nan
1078.24 -nan 1.29787 -nan
1078.63 -nan 1.29795 -nan
1079.01 -nan 1.29803 -nan
1079.4 -nan 1.2981 -nan
1079.78 -nan 1.29818 -nan
1080.16 -nan 1.29825 -nan
1080.55 -nan 1.29833 -nan
1080.93 -nan 1.2984 -nan
1081.32 -nan 1.29848 -nan
1081.7 -nan 1.29855 -nan
1082.09 -nan 1.29862 -nan
1082.47 -nan 1.2987 -nan
1082.85 -nan 1.29878 -nan
1083.24 -nan 1.29885 -nan
1083.62 -nan 1.29892 -nan
1084.01 -nan 1.299 -nan
1084.39 -nan 1.29908 -nan
1084.78 -nan 1.29915 -nan
1085.16 -nan 1.29922 -nan
1085.55 -nan 1.2993 -nan
1085.93 -nan 1.29938 -nan
1086.31 -nan 1.29945 -nan
1086.7 -nan 1.29953 -nan
1087.08 -nan 1.2996 -nan
1087.47 -nan 1.29968 -nan
1087.85 -nan 1.29975 -nan
1088.24 -nan 1.29983 -nan
1088.62 -nan 1.2999 -nan
1089.01 -nan 1.29998 -nan
1089.39 -nan 1.30005 -nan
1089.77 -nan 1.30012 -nan
1090.16 -nan 1.3002 -nan
1090.54 -nan 1.30028 -nan
1090.93 -nan 1.30035 -nan
1091.31 -nan 1.30043 -nan
1091.7 -nan 1.3005 -nan
1092.08 -nan 1.30057 -nan
1092.46 -nan 1.30065 -nan
1092.85 -nan 1.30073 -nan
1093.23 -nan 1.3008 -nan
1093.62 -nan 1.30088 -nan
1094 -nan 1.30095 -nan
1094.39 -nan 1.30103 -nan
1094.77 -nan 1.3011 -nan
1095.16 -nan 1.30117 -nan
1095.54 -nan 1.30125 -nan
1095.92 -nan 1.30133 -nan
1096.31 -nan 1.3014 -nan
1096.69 -nan 1.30147 -nan
1097.08 -nan 1.30155 -nan
1097.46 -nan 1.30163 -nan
1097.85 -nan 1.3017 -nan
1098.23 -nan 1.30178 -nan
1098.62 -nan 1.30185 -nan
1099 -nan 1.30193 -nan
1099.38 -nan 1.302 -nan
1099.77 -nan 1.30208 -nan
1100.15 -nan 1.30215 -nan
1100.54 -nan 1.30222 -nan
1100.92 -nan 1.3023 -nan
1101.31 -nan 1.30238 -nan
1101.69 -nan 1.30245 -nan
1102.07 -nan 1.30252 -nan
1102.46 -nan 1.3026 -nan
1102.84 -nan 1.30268 -nan
1103.23 -nan 1.30275 -nan
1103.61 -nan 1.30282 -nan
1104 -nan 1.3029 -nan
1104.38 -nan 1.30297 -nan
1104.77 -nan 1.30305 -nan
1105.15 -nan 1.30313 -nan
1105.53 -nan 1.3032 -nan
1105.92 -nan 1.30328 -nan
1106.3 -nan 1.30335 -nan
1106.69 -nan 1.30343 -nan
1107.07 -nan 1.3035 -nan
1107.46 -nan 1.30358 -nan
1107.84 -nan 1.30365 -nan
1108.23 -nan 1.30373 -nan
1108.61 -nan 1.3038 -nan
1108.99 -nan 1.30388 -nan
1109.38 -nan 1.30395 -nan
1109.76 -nan 1.30402 -nan
1110.15 -nan 1.3041 -nan
1110.53 -nan 1.30417 -nan
1110.92 -nan 1.30425 -nan
1111.3 -nan 1.30432 -nan
1111.68 -nan 1.3044 -nan
1112.07 -nan 1.30448 -nan
1112.45 -nan 1.30455 -nan
1112.84 -nan 1.30463 -nan
1113.22 -nan 1.3047 -nan
1113.61 -nan 1.30478 -nan
1113.99 -nan 1.30485 -nan
1114.38 -nan 1.30493 -nan
1114.76 -nan 1.305 -nan
1115.14 -nan 1.30507 -nan
1115.53 -nan 1.30515 -nan
1115.91 -nan 1.30523 -nan
1116.3 -nan 1.3053 -nan
1116.68 -nan 1.30537 -nan
1117.07 -nan 1.30545 -nan
1117.45 -nan 1.30553 -nan
1117.84 -nan 1.3056 -nan
1118.22 -nan 1.30567 -nan
1118.6 -nan 1.30575 -nan
1118.99 -nan 1.30583 -nan
1119.37 -nan 1.3059 -nan
1119.76 -nan 1.30598 -nan
1120.14 -nan 1.30605 -nan
1120.53 -nan 1.30612 -nan
1120.91 -nan 1.3062 -nan
1121.29 -nan 1.30628 -nan
1121.68 -nan 1.30635 -nan
1122.06 -nan 1.30642 -nan
1122.45 -nan 1.3065 -nan
1122.83 -nan 1.30658 -nan
1123.22 -nan 1.30665 -nan
1123.6 -nan 1.30672 -nan
1123.99 -nan 1.3068 -nan
1124.37 -nan 1.30688 -nan
1124.75 -nan 1.30695 -nan
1125.14 -nan 1.30702 -nan
1125.52 -nan 1.3071 -nan
1125.91 -nan 1.30718 -nan
1126.29 -nan 1.30725 -nan
1126.68 -nan 1.30733 -nan
1127.06 -nan 1.3074 -nan
1127.45 -nan 1.30748 -nan
1127.83 -nan 1.30755 -nan
1128.21 -nan 1.30763 -nan
1128.6 -nan 1.3077 -nan
1128.98 -nan 1.30777 -nan
1129.37 -nan 1.30785 -nan
1129.75 -nan 1.30793 -nan
1130.14 -nan 1.308 -nan
1130.52 -nan 1.30807 -nan
1130.9 -nan 1.30815 -nan
1131.29 -nan 1.30823 -nan
1131.67 -nan 1.3083 -nan
1132.06 -nan 1.30837 -nan
1132.44 -nan 1.30845 -nan
1132.83 -nan 1.30853 -nan
1133.21 -nan 1.3086 -nan
1133.6 -nan 1.30868 -nan
1133.98 -nan 1.30875 -nan
1134.36 -nan 1.30883 -nan
1134.75 -nan 1.3089 -nan
1135.13 -nan 1.30897 -nan
1135.52 -nan 1.30905 -nan
1135.9 -nan 1.30913 -nan
1136.29 -nan 1.3092 -nan
1136.67 -nan 1.30927 -nan
1137.06 -nan 1.30935 -nan
1137.44 -nan 1.30943 -nan
1137.82 -nan 1.3095 -nan
1138.21 -nan 1.30958 -nan
1138.59 -nan 1.30965 -nan
1138.98 -nan 1.30972 -nan
1139.36 -nan 1.3098 -nan
1139.75 -nan 1.30988 -nan
1140.13 -nan 1.30995 -nan
1140.51 -nan 1.31002 -nan
1140.9 -nan 1.3101 -nan
1141.28 -nan 1.31018 -nan
1141.67 -nan 1.31025 -nan
1142.05 -nan 1.31032 -nan
1142.44 -nan 1.3104 -nan
1142.82 -nan 1.31048 -nan
1143.21 -nan 1.31055 -nan
1143.59 -nan 1.31062 -nan
1143.97 -nan 1.3107 -nan
1144.36 -nan 1.31078 -nan
1144.74 -nan 1.31085 -nan
1145.13 -nan 1.31093 -nan
1145.51 -nan 1.311 -nan
1145.9 -nan 1.31108 -nan
1146.28 -nan 1.31115 -nan
1146.67 -nan 1.31123 -nan
1147.05 -nan 1.3113 -nan
1147.43 -nan 1.31138 -nan
1147.82 -nan 1.31145 -nan
1148.2 -nan 1.31153 -nan
1148.59 -nan 1.3116 -nan
1148.97 -nan 1.31167 -nan
1149.36 -nan 1.31175 -nan
1149.74 -nan 1.31183 -nan
1150.12 -nan 1.3119 -nan
1150.51 -nan 1.31197 -nan
1150.89 -nan 1.31205 -nan
1151.28 -nan 1.31212 -nan
1151.66 -nan 1.3122 -nan
1152.05 -nan 1.31228 -nan
1152.43 -nan 1.31235 -nan
1152.82 -nan 1.31243 -nan
